       1    0.0000  +1.00000000  -0.00000000  -0.00000000  +0.00000000  +1.00000000  -0.00000000  +0.00000000  +0.00000000  +1.00000000  +0.00000000  +0.00000000  -0.00000000 
       2    0.7020  +0.99994165  +0.01075983  -0.00098295  -0.01074934  +0.99989104  +0.01011724  +0.00109170  -0.01010608  +0.99994832  -0.47941187  +0.53212339  +0.75586200 
       3    0.7253  +0.99964243  +0.02672312  -0.00095104  -0.02669515  +0.99939287  +0.02238977  +0.00154878  -0.02235638  +0.99974889  -1.32320261  +0.74497443  +1.64386797 
       4    0.7705  +0.99991304  +0.01047574  +0.00801222  -0.01063969  +0.99972910  +0.02070217  -0.00779318  -0.02078562  +0.99975359  -0.73606431  -0.20622425  +1.90500212 
       5    0.9099  +0.99938440  +0.01826023  +0.02995653  -0.01893120  +0.99957275  +0.02226947  -0.02953709  -0.02282287  +0.99930310  -2.06163549  +0.08086255  +3.40948153 
       6    1.1079  +0.99981409  +0.01034493  +0.01627062  -0.01054695  +0.99986774  +0.01237988  -0.01614040  -0.01254918  +0.99979097  -0.89227134  -0.08092652  +1.85733521 
       7    1.0971  +0.99997818  +0.00079075  +0.00655831  -0.00091624  +0.99981618  +0.01915254  -0.00654196  -0.01915812  +0.99979508  -0.16371220  -0.84206766  +1.60282707 
       8    0.9687  +0.99995458  +0.00247503  +0.00920190  -0.00273711  +0.99958783  +0.02857791  -0.00912737  -0.02860180  +0.99954921  -0.14943700  -1.00480986  +2.37065840 
       9    1.0061  +0.99995172  +0.00067272  +0.00980246  -0.00105725  +0.99922782  +0.03927575  -0.00976847  -0.03928421  +0.99918032  +0.12976037  -1.84092903  +3.13564634 
      10    1.0406  +0.99967533  +0.00325178  +0.02527055  -0.00411439  +0.99940795  +0.03415820  -0.02514451  -0.03425109  +0.99909693  -0.41072947  -1.52402461  +3.74426913 
      11    0.9606  +0.99976420  +0.01281472  +0.01752968  -0.01316150  +0.99971706  +0.01981251  -0.01727083  -0.02003856  +0.99965000  -0.71392488  -0.19587193  +2.24262881 
      12    0.9548  +0.99924171  +0.01457653  +0.03610384  -0.01543047  +0.99960506  +0.02348790  -0.03574722  -0.02402719  +0.99907196  -1.75708425  -0.33447903  +3.88248086 
      13    0.9736  +0.99940962  +0.01551260  +0.03065527  -0.01632941  +0.99951339  +0.02657685  -0.03022807  -0.02706174  +0.99917662  -1.59695232  -0.66249740  +3.93915701 
      14    0.9119  +0.99982697  +0.00992132  +0.01573379  -0.01030056  +0.99965388  +0.02420902  -0.01548815  -0.02436690  +0.99958313  -0.88189912  -0.46331334  +2.77786708 
      15    0.9437  +0.99978632  +0.00505165  +0.02004623  -0.00531866  +0.99989754  +0.01328912  -0.01997704  -0.01339290  +0.99971074  -0.80024433  -0.23452294  +2.46647429 
      16    1.0282  +0.99996275  -0.00319260  +0.00801690  +0.00313689  +0.99997091  +0.00695284  -0.00803887  -0.00692743  +0.99994367  +0.33739167  -0.52301192  +1.26355028 
      17    1.1541  +0.99996483  +0.00004766  +0.00838909  -0.00014781  +0.99992871  +0.01193810  -0.00838793  -0.01193892  +0.99989355  +0.03582894  -0.59736371  +1.48625743 
      18    1.0633  +0.99979663  -0.00770789  +0.01863525  +0.00729660  +0.99973047  +0.02203853  -0.01880009  -0.02189808  +0.99958342  +0.19343254  -1.39587116  +2.60052657 
      19    0.9745  +0.99971741  +0.00052421  +0.02376495  -0.00098293  +0.99981338  +0.01929513  -0.02375039  -0.01931303  +0.99953133  -0.43388548  -0.56004798  +2.62012315 
      20    1.0047  +0.99983740  +0.00191296  +0.01793007  -0.00198265  +0.99999052  +0.00386989  -0.01792250  -0.00390481  +0.99983174  -0.00572399  -0.22552161  +1.30113864 
      21    1.0910  +0.99986750  +0.00426997  +0.01570919  -0.00411416  +0.99994218  -0.00993738  -0.01575072  +0.00987143  +0.99982721  -0.27917618  +0.04640656  +0.11227077 
      22    1.1300  +0.99979818  +0.00447877  +0.01958335  -0.00403854  +0.99973953  -0.02246170  -0.01967885  +0.02237808  +0.99955589  -0.61727929  +0.48375645  -0.28898227 
      23    1.1565  +0.99973661  +0.01043326  +0.02044162  -0.00995370  +0.99967611  -0.02342293  -0.02067937  +0.02321330  +0.99951667  -0.94850922  +1.16755140  -0.41050568 
      24    1.0098  +0.99946874  +0.00033027  +0.03259087  +0.00060184  +0.99959117  -0.02858621  -0.03258698  +0.02859064  +0.99905992  -0.94562399  +0.67112178  +0.24509904 
      25    0.9792  +0.99969971  -0.00484253  +0.02402061  +0.00557196  +0.99952251  -0.03039332  -0.02386196  +0.03051803  +0.99924934  -0.28400639  +0.55185109  -0.60145605 
      26    1.0437  +0.99988645  -0.00779707  +0.01289327  +0.00840695  +0.99881458  -0.04794497  -0.01250415  +0.04804793  +0.99876678  +0.40336338  +0.58501232  -2.40474939 
      27    0.9855  +0.99973750  +0.00178762  +0.02284123  -0.00090185  +0.99924928  -0.03873102  -0.02289332  +0.03870026  +0.99898857  -0.59398949  +0.63499409  -1.16690159 
      28    1.1073  +0.99990183  +0.01314816  +0.00484111  -0.01282714  +0.99804014  -0.06124858  -0.00563693  +0.06118047  +0.99811083  -0.73843426  +2.49049687  -3.69537854 
      29    1.3225  +0.99999338  +0.00321277  +0.00169512  -0.00308638  +0.99754739  -0.06992622  -0.00191562  +0.06992052  +0.99755073  -0.00741472  +2.38669825  -4.53712654 
      30    1.1923  +0.99996692  +0.00575511  -0.00574767  -0.00612444  +0.99777073  -0.06645310  +0.00535241  +0.06648611  +0.99777299  +0.31900147  +2.02021933  -4.64151049 
      31    1.2260  +0.99998838  -0.00203077  -0.00437497  +0.00172628  +0.99764884  -0.06851130  +0.00450382  +0.06850296  +0.99764073  +1.05362010  +1.60383272  -4.59387159 
      32    1.1595  +0.99997675  +0.00658685  +0.00175895  -0.00645952  +0.99789172  -0.06457834  -0.00218061  +0.06456548  +0.99791110  +0.13601190  +2.08675337  -3.75544572 
      33    1.2195  +0.99989390  +0.00835192  +0.01193617  -0.00758532  +0.99799180  -0.06288762  -0.01243743  +0.06279041  +0.99794924  -0.50539637  +1.88550484  -3.11478472 
      34    1.2782  +0.99992967  -0.01088431  +0.00471168  +0.01122239  +0.99681598  -0.07894263  -0.00383744  +0.07898996  +0.99686801  +1.10603774  +1.46425164  -4.68051863 
      35    1.2596  +0.99994415  -0.00900942  +0.00552350  +0.00945731  +0.99613792  -0.08729155  -0.00471572  +0.08733891  +0.99616748  +0.94216889  +1.76515603  -5.26007318 
      36    1.2568  +0.99997419  -0.00671563  +0.00254490  +0.00692484  +0.99556279  -0.09384435  -0.00190338  +0.09385956  +0.99558365  +1.09507120  +2.22422290  -5.87270737 
      37    1.2872  +0.99971074  -0.02402943  +0.00102200  +0.02401032  +0.99463731  -0.10059905  +0.00140082  +0.10059449  +0.99492651  +2.00945997  +1.40465617  -6.58099842 
      38    1.2284  +0.99943280  -0.03348264  +0.00361126  +0.03367664  +0.99331015  -0.11045709  +0.00011129  +0.11051606  +0.99387431  +2.16282058  +1.32644391  -7.08724403 
      39    1.1163  +0.99897510  -0.04506309  +0.00424937  +0.04524588  +0.99160480  -0.12113098  +0.00124484  +0.12119910  +0.99262744  +2.76189852  +0.98188734  -7.96621132 
      40    1.2476  +0.99910456  -0.04228640  -0.00141072  +0.04171575  +0.99009430  -0.13406369  +0.00706581  +0.13388480  +0.99097168  +2.78265929  +2.04263663  -9.23495960 
      41    1.2939  +0.99942172  -0.03374777  +0.00415653  +0.03400170  +0.99092257  -0.13006279  +0.00027053  +0.13012891  +0.99149704  +1.86963224  +2.27472854  -8.71380043 
      42    1.2136  +0.99893653  -0.04603559  -0.00255744  +0.04515357  +0.98800212  -0.14769205  +0.00932585  +0.14741951  +0.98903006  +3.26628828  +2.44082737 -10.53794384 
      43    1.1012  +0.99876595  -0.04831221  +0.01151009  +0.04939029  +0.99052650  -0.12813210  -0.00521071  +0.12854247  +0.99169034  +2.84015632  +1.14896011  -8.05026722 
      44    1.1315  +0.99885696  -0.04740316  -0.00614508  +0.04620927  +0.99049479  -0.12955606  +0.01222804  +0.12912400  +0.99155307  +3.67329550  +1.17694259  -9.27870369 
      45    1.0153  +0.99880272  -0.04794220  -0.00972879  +0.04623493  +0.99011135  -0.13244565  +0.01598232  +0.13183726  +0.99114251  +3.71390772  +1.37821615  -9.40454960 
      46    1.0587  +0.99884057  -0.04804512  -0.00303123  +0.04727376  +0.99080318  -0.12678435  +0.00909472  +0.12649406  +0.99192566  +3.20365739  +1.05226552  -8.60860348 
      47    1.1353  +0.99814057  -0.06087187  +0.00316879  +0.06078418  +0.99012774  -0.12630233  +0.00455075  +0.12626009  +0.99198675  +3.74178028  +0.27671173  -8.25649357 
      48    1.1409  +0.99722606  -0.07421633  -0.00566804  +0.07316705  +0.99140805  -0.10842820  +0.01366649  +0.10771271  +0.99408811  +5.08651924  -1.59105563  -7.62702036 
      49    1.1768  +0.99820799  -0.05982300  +0.00141991  +0.05959326  +0.99166286  -0.11425151  +0.00542679  +0.11413139  +0.99345082  +3.42750788  -0.47824958  -7.65117311 
      50    1.1301  +0.99856663  -0.05230548  +0.01135151  +0.05324503  +0.99237067  -0.11119976  -0.00544854  +0.11164477  +0.99373323  +2.36459994  -0.22114070  -6.58082628 
      51    1.0952  +0.99878591  -0.04918101  +0.00280867  +0.04918043  +0.99226499  -0.11398028  +0.00281872  +0.11398003  +0.99347901  +2.49977469  +0.04736981  -7.36645603 
      52    1.0970  +0.99912691  -0.04155178  -0.00434320  +0.04083899  +0.99329370  -0.10816579  +0.00880855  +0.10789398  +0.99412340  +2.49065876  +0.18353494  -7.51867819 
      53    1.0607  +0.99893433  -0.04516546  -0.00950448  +0.04385782  +0.99303150  -0.10938439  +0.01437865  +0.10885097  +0.99395406  +2.84514594  +0.29720286  -7.86226177 
      54    0.9652  +0.99966854  -0.01879286  -0.01759581  +0.01715792  +0.99589664  -0.08885684  +0.01919348  +0.08852547  +0.99588895  +1.30954313  +0.91420621  -6.57413912 
      55    1.0639  +0.99949181  -0.03057368  -0.00901949  +0.02923803  +0.99201661  -0.12267114  +0.01269799  +0.12234510  +0.99240637  +1.84387863  +2.08295536  -8.18504238 
      56    1.0711  +0.99919063  -0.03990335  +0.00507630  +0.04020454  +0.99471855  -0.09443849  -0.00128108  +0.09456615  +0.99551773  +1.89111710  +0.17582981  -5.27048874 
      57    1.0696  +0.99902320  -0.04408973  +0.00296185  +0.04417967  +0.99517810  -0.08757138  +0.00091343  +0.08761670  +0.99615383  +2.29551411  -0.52190310  -5.17322063 
      58    1.0789  +0.99901301  -0.04241772  +0.01318305  +0.04332301  +0.99598432  -0.07834783  -0.00980678  +0.07884163  +0.99683893  +2.10645270  -0.66642308  -3.74984550 
      59    1.0551  +0.99831456  -0.05600812  +0.01520392  +0.05715426  +0.99429440  -0.09006711  -0.01007268  +0.09078428  +0.99581963  +2.86087918  -1.07143497  -4.25026178 
      60    1.0502  +0.99878180  -0.04934420  +0.00023568  +0.04915909  +0.99459845  -0.09141862  +0.00427658  +0.09131884  +0.99581254  +3.31050444  -0.82566947  -5.10165119 
      61    0.9758  +0.99844450  -0.05573641  +0.00142438  +0.05566471  +0.99505925  -0.08220991  +0.00316475  +0.08216132  +0.99661404  +3.74115157  -1.45581686  -4.50247860 
      62    0.9478  +0.99822152  -0.05961217  -0.00040991  +0.05935524  +0.99451166  -0.08616011  +0.00554385  +0.08598255  +0.99628121  +4.10837317  -1.66496730  -4.79363966 
      63    1.0436  +0.99839216  -0.05667514  +0.00102690  +0.05660231  +0.99580705  -0.07186414  +0.00305032  +0.07180671  +0.99741387  +4.25427961  -2.02430439  -3.95429420 
      64    1.0559  +0.99801999  -0.06285041  -0.00242703  +0.06245983  +0.99488407  -0.07940080  +0.00740499  +0.07909199  +0.99683982  +4.38386536  -2.00540662  -4.80771160 
      65    1.0097  +0.99748921  -0.07063060  -0.00516016  +0.06985631  +0.99328876  -0.09218212  +0.01163641  +0.09159020  +0.99572879  +5.00891972  -1.84996641  -6.18310499 
      66    1.0708  +0.99657482  -0.08267436  -0.00190373  +0.08190758  +0.98998040  -0.11502138  +0.01139397  +0.11447148  +0.99336118  +5.35283518  -1.54414415  -7.77480173 
      67    1.0754  +0.99562317  -0.09223779  -0.01505448  +0.08981317  +0.98884517  -0.11882290  +0.02584651  +0.11695074  +0.99280131  +6.92397833  -2.28274918  -8.46470928 
      68    1.1491  +0.99517226  -0.09632325  -0.01881336  +0.09351397  +0.98882496  -0.11610477  +0.02978671  +0.11378494  +0.99305880  +6.95132637  -2.55748558  -8.28957558 
      69    1.1600  +0.99597722  -0.08732786  -0.02007987  +0.08427458  +0.98903674  -0.12126041  +0.03044914  +0.11908038  +0.99241763  +6.36478662  -2.15116596  -8.31572437 
      70    1.1541  +0.99662459  -0.08141906  -0.01050793  +0.07935762  +0.98825020  -0.13062912  +0.02102016  +0.12935430  +0.99137563  +5.55771399  -1.50098538  -8.37289047 
      71    1.1056  +0.99649894  -0.07993298  -0.02450696  +0.07606334  +0.98844832  -0.13108873  +0.03470217  +0.12876570  +0.99106771  +5.50091267  -1.26446319  -9.46202946 
      72    1.0805  +0.99557567  -0.08676080  -0.03607772  +0.08041665  +0.98534071  -0.15045558  +0.04860249  +0.14688867  +0.98795825  +6.64846325  -0.77427930 -10.96351337 
      73    1.1563  +0.99404204  -0.10491734  -0.02954330  +0.09937560  +0.98371261  -0.14977981  +0.04477662  +0.14595154  +0.98827791  +7.52213192  -1.90032315 -10.75161934 
      74    1.1048  +0.99399132  -0.10212497  -0.03939193  +0.09579886  +0.98575103  -0.13826585  +0.05295103  +0.13366134  +0.98961145  +7.80635071  -2.43935943 -10.43305206 
      75    1.2006  +0.99299413  -0.10810165  -0.04771499  +0.09857896  +0.98051691  -0.16990817  +0.06515271  +0.16401412  +0.98430407  +8.48048592  -0.75561094 -13.38483810 
      76    1.1932  +0.98962349  -0.13878725  -0.03719527  +0.13010906  +0.97541410  -0.17787360  +0.06096738  +0.17118844  +0.98335016 +10.07683849  -2.10291505 -13.44157887 
      77    1.1418  +0.99108577  -0.12952401  -0.03118584  +0.12248951  +0.97796470  -0.16906038  +0.05239603  +0.16373339  +0.98511219  +9.07174873  -2.37968159 -12.77417755 
      78    1.0895  +0.99332434  -0.10987572  -0.03512970  +0.10203824  +0.97896272  -0.17669250  +0.05380488  +0.17192839  +0.98363900  +7.75195694  -0.70827335 -13.42186069 
      79    1.1425  +0.99201459  -0.12424245  -0.02169996  +0.11856026  +0.97730583  -0.17554712  +0.04301790  +0.17157255  +0.98423183  +8.31538868  -1.82469487 -12.26565170 
      80    1.1345  +0.99340385  -0.11285675  -0.02030160  +0.10791212  +0.97997880  -0.16732177  +0.03877853  +0.16402730  +0.98569328  +7.04167891  -1.78190434 -11.66038322 
      81    1.2460  +0.99372220  -0.11144778  -0.00977472  +0.10772189  +0.97675478  -0.18532696  +0.03020179  +0.18311058  +0.98262829  +6.43001509  -0.90157431 -12.41945553 
      82    1.3321  +0.99416494  -0.10780563  -0.00373768  +0.10543539  +0.97846031  -0.17747900  +0.02279041  +0.17604932  +0.98411751  +5.42385054  -0.89380723 -11.62132359 
      83    1.3970  +0.99274266  -0.11831819  -0.02151359  +0.11265957  +0.97759497  -0.17780866  +0.04206957  +0.17409453  +0.98382992  +6.80291224  -1.03264272 -12.57749939 
      84    1.4758  +0.99365282  -0.11023311  -0.02242293  +0.10501080  +0.98043972  -0.16646539  +0.04033433  +0.16305414  +0.98579234  +6.38188028  -1.25217187 -11.60257530 
      85    1.3999  +0.99494648  -0.09818781  -0.02099062  +0.09360919  +0.98270619  -0.15976810  +0.03631489  +0.15699580  +0.98693138  +6.03311300  -1.04210424 -10.92635632 
      86    1.5060  +0.99341369  -0.11384866  -0.01295129  +0.10978360  +0.97807467  -0.17696761  +0.03281486  +0.17438020  +0.98413146  +6.81561279  -1.01033962 -12.14960957 
      87    1.4877  +0.99435669  -0.10472503  -0.01695322  +0.09986072  +0.97790301  -0.18366699  +0.03581314  +0.18093754  +0.98284233  +6.84005928  -0.30021718 -12.34621716 
      88    1.4630  +0.99323523  -0.11546157  -0.01234751  +0.11168520  +0.97899246  -0.17058760  +0.03178443  +0.16805458  +0.98526514  +7.53373814  -1.83099079 -11.67956257 
      89    1.4828  +0.99385822  -0.10912721  -0.01836042  +0.10465843  +0.98082268  -0.16441868  +0.03595087  +0.16148728  +0.98621976  +7.27955627  -1.85020435 -11.46053982 
      90    1.3607  +0.99405146  -0.10617188  -0.02427436  +0.09958190  +0.97629243  -0.19218880  +0.04410392  +0.18862827  +0.98105770  +7.49235344  -0.08366742 -13.45093536 
      91    1.3916  +0.99521518  -0.09746522  -0.00687600  +0.09455357  +0.97843856  -0.18362346  +0.02462464  +0.18209471  +0.98297262  +5.48633051  -0.16411860 -11.87307739 
      92    1.3401  +0.99482018  -0.10100013  -0.01148070  +0.09771181  +0.98128939  -0.16590235  +0.02802205  +0.16392119  +0.98607534  +5.99254179  -1.61847901 -10.77716923 
      93    1.3805  +0.99679077  -0.07933939  -0.01064943  +0.07578327  +0.97811937  -0.19375078  +0.02578848  +0.19232196  +0.98099297  +4.50692320  +1.20322442 -12.13408756 
      94    1.3865  +0.99644536  -0.08415661  +0.00377661  +0.08343335  +0.97970212  -0.18227088  +0.01163934  +0.18193808  +0.98324108  +4.03439569  +0.49943510 -10.64253235 
      95    1.4134  +0.99496514  -0.09942280  +0.01262990  +0.10003399  +0.97747242  -0.18585172  +0.00613252  +0.18617940  +0.98249662  +4.72944880  -0.46848491 -10.31717491 
      96    1.4474  +0.99721283  -0.07309816  +0.01493983  +0.07460814  +0.97809261  -0.19434099  -0.00040657  +0.19491397  +0.98082024  +2.63972330  +1.69532239 -10.66866875 
      97    1.4588  +0.99744391  -0.07131959  +0.00438085  +0.07090001  +0.98022872  -0.18472925  +0.00888058  +0.18456766  +0.98277968  +3.06344676  +1.19072509 -10.70134449 
      98    1.4150  +0.99736416  -0.07221177  +0.00708660  +0.07240953  +0.98429668  -0.16098721  +0.00464986  +0.16107601  +0.98693103  +3.26636100  -0.15878795  -8.97563744 
      99    1.4053  +0.99786788  -0.06298470  +0.01710664  +0.06475345  +0.98821092  -0.13873066  -0.00816706  +0.13954258  +0.99018240  +1.77204597  -1.02851629  -6.92195034 
     100    1.3003  +0.99786037  -0.06108215  +0.02331598  +0.06375433  +0.98811036  -0.13990474  -0.01449308  +0.14109188  +0.98989040  +1.27152884  -0.82640278  -6.00750732 
     101    1.3785  +0.99760991  -0.06418917  +0.02557801  +0.06679765  +0.99060732  -0.11931117  -0.01767928  +0.12073456  +0.99252737  +1.11749518  -1.94339466  -5.12631035 
     102    1.3970  +0.99905384  -0.02775404  +0.03348342  +0.03146227  +0.99276787  -0.11585386  -0.03002585  +0.11679771  +0.99270177  -1.33109379  +0.35377765  -4.14514160 
     103    1.4253  +0.99842072  -0.03327746  +0.04526287  +0.03819149  +0.99292481  -0.11243566  -0.04120105  +0.11398675  +0.99262756  -1.83605194  +0.10772616  -3.09055781 
     104    1.3941  +0.99847096  -0.02441498  +0.04959510  +0.03019600  +0.99238932  -0.11938001  -0.04630299  +0.12069505  +0.99160916  -2.35616446  +0.77652186  -3.26925993 
     105    1.4232  +0.99814647  -0.03838833  +0.04722188  +0.04485905  +0.98846650  -0.14464323  -0.04112464  +0.14649346  +0.98835641  -1.46243918  +1.14246094  -5.39189291 
     106    1.4774  +0.99839294  -0.04151170  +0.03857931  +0.04704913  +0.98664474  -0.15594412  -0.03159057  +0.15750864  +0.98701221  -0.92833680  +1.89821947  -6.60154963 
     107    1.5033  +0.99702668  -0.05320957  +0.05573595  +0.06261835  +0.98100370  -0.18360460  -0.04490766  +0.18654878  +0.98141879  -0.44000962  +2.42380834  -7.41293907 
     108    1.4316  +0.99673784  -0.06526779  +0.04747476  +0.07310973  +0.97933513  -0.18856739  -0.03418632  +0.19142310  +0.98091209  +0.27692899  +1.88296008  -8.26594257 
     109    1.4632  +0.99831843  -0.04646288  +0.03466257  +0.05202089  +0.98190778  -0.18207388  -0.02557578  +0.18357088  +0.98267370  -0.20944521  +2.47692680  -8.83629513 
     110    1.4738  +0.99693435  -0.05955311  +0.05074756  +0.06754322  +0.98242861  -0.17398836  -0.03949431  +0.17688262  +0.98343927  -0.32461533  +0.94802070  -8.12881756 
     111    1.7008  +0.99676150  -0.06758884  +0.04356847  +0.07374392  +0.98434615  -0.16007638  -0.03206708  +0.16277088  +0.98614264  +0.85086292  -0.05719363  -7.57913923 
     112    1.6795  +0.99572366  -0.05922411  +0.07090049  +0.06925453  +0.98646992  -0.14859657  -0.06114070  +0.15287131  +0.98635298  -1.10183287  -0.69701654  -5.19483137 
     113    1.6903  +0.99565291  -0.08299880  +0.04226687  +0.08805989  +0.98666787  -0.13686471  -0.03034376  +0.13999176  +0.98968762  +2.07607555  -2.36103034  -6.17025757 
     114    1.7891  +0.99529481  -0.08337467  +0.04936493  +0.08951154  +0.98623371  -0.13903509  -0.03709335  +0.14279965  +0.98905629  +1.88665211  -2.17516232  -5.69207430 
     115    1.6184  +0.99522871  -0.08959122  +0.03864270  +0.09407312  +0.98617399  -0.13642266  -0.02588615  +0.13940699  +0.98989677  +2.86864114  -2.65494943  -6.20030117 
     116    1.4033  +0.99659979  -0.07054029  +0.04257793  +0.07627568  +0.98527765  -0.15300322  -0.03115819  +0.15573063  +0.98730803  +1.23366487  -0.67191577  -6.97020483 
     117    1.4679  +0.99671972  -0.07334208  +0.03421555  +0.07719037  +0.98855740  -0.12959905  -0.02431897  +0.13181505  +0.99097598  +1.61298227  -2.42956924  -6.41514730 
     118    1.3771  +0.99511504  -0.08990161  +0.04078965  +0.09448563  +0.98705453  -0.12959857  -0.02861049  +0.13281953  +0.99072719  +2.63273692  -3.21182966  -6.00358200 
     119    1.2864  +0.99271917  -0.09856230  +0.06923933  +0.10760739  +0.98398298  -0.14212011  -0.05412263  +0.14853603  +0.98742485  +1.94246864  -3.23332167  -5.46253872 
     120    1.3708  +0.99176723  -0.09992553  +0.08007913  +0.10787524  +0.98891675  -0.10201294  -0.06899789  +0.10981165  +0.99155468  +1.41029203  -5.01813030  -2.42403483 
     121    1.3417  +0.99060148  -0.10816786  +0.08371618  +0.11804117  +0.98527187  -0.12371572  -0.06910114  +0.13243493  +0.98878008  +1.93186164  -4.33508158  -3.55650806 
     122    1.3566  +0.98975700  -0.11260618  +0.08775473  +0.12370440  +0.98330438  -0.13345318  -0.07126196  +0.14294186  +0.98716229  +2.04315686  -3.92314458  -3.72280407 
     123    1.3675  +0.98563534  -0.13222994  +0.10506266  +0.14468637  +0.98199731  -0.12143759  -0.08711356  +0.13489433  +0.98702317  +2.63655591  -6.00263500  -2.59609079 
     124    1.3225  +0.98739100  -0.12323303  +0.09936146  +0.13739429  +0.97889942  -0.15125731  -0.07862498  +0.16300179  +0.98348796  +2.77428412  -4.04357910  -4.23820066 
     125    1.1872  +0.98781192  -0.09675892  +0.12192346  +0.11651362  +0.97904724  -0.16700625  -0.10320948  +0.17917651  +0.97838825  +0.25274688  -2.04830742  -3.33796263 
     126    1.1837  +0.99163067  -0.08372533  +0.09827857  +0.09819754  +0.98331881  -0.15310569  -0.08382034  +0.16147502  +0.98331070  +0.53520912  -1.95051277  -3.48280692 
     127    1.1898  +0.99056935  -0.11386408  +0.07620564  +0.12470341  +0.97966301  -0.15719233  -0.05675729  +0.16521302  +0.98462343  +3.41875887  -3.05228996  -5.77348661 
     128    1.1627  +0.99314106  -0.09429254  +0.06913570  +0.10523158  +0.97856545  -0.17701976  -0.05096216  +0.18308085  +0.98177606  +2.25467730  -1.45831883  -7.21574831 
     129    1.2166  +0.99416453  -0.09002607  +0.05943273  +0.10000686  +0.97570950  -0.19490921  -0.04044217  +0.19971551  +0.97901899  +2.21439147  -0.11598925  -8.52855682 
     130    1.2349  +0.99558115  -0.07450625  +0.05715711  +0.08343932  +0.98112583  -0.17444205  -0.04308129  +0.17844038  +0.98300713  +1.51640117  -0.58289373  -6.85448551 
     131    1.3017  +0.99744529  -0.04602485  +0.05463132  +0.05455824  +0.98449528  -0.16671053  -0.04611145  +0.16926523  +0.98449123  -0.18102245  +0.59606820  -5.66547585 
     132    1.2719  +0.99638206  -0.02680107  +0.08065061  +0.04056720  +0.98386914  -0.17422910  -0.07468012  +0.17687051  +0.98139679  -3.01095843  +2.20914912  -4.41192865 
     133    1.3051  +0.99513936  -0.06106258  +0.07725921  +0.07524084  +0.97761846  -0.19647138  -0.06353297  +0.20132945  +0.97746098  -0.41607708  +1.75876606  -6.36407471 
     134    1.3389  +0.99653965  -0.06361873  +0.05349176  +0.07360823  +0.97439903  -0.21243438  -0.03860752  +0.21563672  +0.97571015  +1.15064752  +2.51271319  -8.69591141 
     135    1.3910  +0.99803591  -0.01929517  +0.05959841  +0.03244985  +0.97303021  -0.22838405  -0.05358434  +0.22986944  +0.97174519  -1.54722571  +6.17771816  -8.38513756 
     136    1.3208  +0.99719036  -0.05777246  +0.04768347  +0.06651978  +0.97564268  -0.20903689  -0.03444545  +0.21162146  +0.97674453  +1.26150000  +2.60814190  -9.08383274 
     137    1.4761  +0.99676973  -0.03676882  +0.07140145  +0.05129975  +0.97553188  -0.21378948  -0.06179360  +0.21676175  +0.97426683  -0.80711496  +3.86337900  -7.47574377 
     138    1.4443  +0.99769050  -0.04250072  +0.05298464  +0.05399011  +0.96953535  -0.23892722  -0.04121590  +0.24123606  +0.96959084  +0.52397263  +5.55225468  -9.61048412 
     139    1.3843  +0.99676180  -0.01925834  +0.07807107  +0.03427793  +0.98002684  -0.19588882  -0.07273925  +0.19793059  +0.97751343  -2.31804585  +3.77263641  -5.64644194 
     140    1.3278  +0.99798614  -0.02266000  +0.05924716  +0.03318909  +0.98250043  -0.18327940  -0.05405725  +0.18487665  +0.98127389  -1.72024786  +2.74226904  -6.58781815 
     141    1.2223  +0.99847960  -0.03723747  +0.04064240  +0.04330539  +0.98609889  -0.16041698  -0.03410390  +0.16193311  +0.98621225  +0.27011794  +0.67382294  -6.50172329 
     142    1.2953  +0.99881136  -0.01285350  +0.04701789  +0.01985395  +0.98824227  -0.15160145  -0.04451646  +0.15235475  +0.98732281  -1.58407354  +1.88339972  -5.13234186 
     143    1.2708  +0.99906468  -0.01098823  +0.04182108  +0.01655966  +0.99066591  -0.13530277  -0.03994398  +0.13586876  +0.98992127  -1.25508261  +1.40557122  -4.22398615 
     144    1.3093  +0.99862838  -0.01941257  +0.04862626  +0.02704479  +0.98648757  -0.16158842  -0.04483235  +0.16268186  +0.98565954  -0.75215054  +1.68606198  -5.28569603 
     145    1.3225  +0.99901003  -0.04239205  +0.01348588  +0.04408835  +0.98391557  -0.17310782  -0.00593057  +0.17353103  +0.98481053  +2.12359595  +1.78279603  -8.26507187 
     146    1.3869  +0.99904907  -0.04304123  -0.00695606  +0.04126476  +0.98494488  -0.16787127  +0.01407672  +0.16742460  +0.98578441  +3.45226645  +1.70859551  -9.22332382 
     147    1.6906  +0.99866641  -0.05066827  -0.00990439  +0.04900797  +0.99072140  -0.12676489  +0.01623545  +0.12611045  +0.99188334  +3.86540413  -0.96879256  -7.25783634 
     148    1.5106  +0.99960858  -0.01968297  +0.01988298  +0.02182164  +0.99326378  -0.11380202  -0.01750908  +0.11419135  +0.99330449  +0.35068914  +0.01468501  -4.47451973 
     149    1.5204  +0.99975336  -0.02126492  -0.00640941  +0.02030884  +0.99210495  -0.12375499  +0.00899045  +0.12359430  +0.99229211  +1.74038851  +0.66360611  -6.69919682 
     150    1.3856  +0.99878216  -0.04694411  +0.01518194  +0.04824550  +0.99367422  -0.10140977  -0.01032531  +0.10201873  +0.99472886  +1.69608843  -2.21458459  -4.70170689 
     151    1.4156  +0.99925351  -0.01089657  +0.03706258  +0.01503317  +0.99345475  -0.11323266  -0.03558615  +0.11370531  +0.99287701  -0.94937694  +0.11783075  -3.98478746 
     152    1.5242  +0.99983633  +0.01496274  +0.01016796  -0.01400936  +0.99601138  -0.08811956  -0.01144592  +0.08796269  +0.99605799  -1.43656492  +0.56901014  -4.05792475 
     153    1.4917  +0.99951357  -0.02556882  +0.01785536  +0.02733281  +0.99390763  -0.10677304  -0.01501652  +0.10720915  +0.99412310  +0.48456258  -0.60834229  -5.14114952 
     154    1.3673  +0.99969405  +0.01465012  +0.01992922  -0.01255328  +0.99475139  -0.10154854  -0.02131232  +0.10126729  +0.99463093  -1.74459815  +1.56041729  -4.52553654 
     155    1.4200  +0.99980670  +0.00910127  +0.01742859  -0.00697172  +0.99292147  -0.11856779  -0.01838434  +0.11842337  +0.99279296  -1.00707781  +2.21793962  -5.43962097 
     156    1.2199  +0.99939764  -0.02126937  +0.02742161  +0.02437815  +0.99265063  -0.11853472  -0.02469892  +0.11913181  +0.99257118  +0.26395595  +0.53237993  -5.29591608 
     157    1.3609  +0.99886620  -0.02344497  +0.04143276  +0.02836184  +0.99207830  -0.12237751  -0.03823541  +0.12341387  +0.99161839  +0.01739590  +0.64197963  -4.25754547 
     158    1.4005  +0.99676156  -0.01938528  +0.07804215  +0.03079488  +0.98854280  -0.14776593  -0.07428353  +0.14969070  +0.98593849  -2.12609506  +1.85396433  -3.73291135 
     159    1.4777  +0.99565250  -0.03139153  +0.08769651  +0.04278836  +0.99042356  -0.13126443  -0.08273610  +0.13444614  +0.98746085  -1.84058583  +0.17451781  -2.57354999 
     160    1.4574  +0.99713963  -0.00390615  +0.07548007  +0.01205027  +0.99410540  -0.10774599  -0.07461427  +0.10834736  +0.99130899  -2.86257029  +0.61313117  -1.49632990 
     161    1.4514  +0.99795032  -0.00517383  +0.06378412  +0.01579432  +0.98580486  -0.16715065  -0.06201388  +0.16781548  +0.98386598  -2.01042795  +3.73810840  -5.61654615 
     162    1.6211  +0.99495780  -0.05199169  +0.08576597  +0.06247412  +0.99025649  -0.12445503  -0.07845968  +0.12918566  +0.98851156  -0.40004468  -1.86129034  -3.04920268 
     163    1.6143  +0.99222630  -0.04335416  +0.11665086  +0.06054506  +0.98711360  -0.14812516  -0.10872581  +0.15403631  +0.98206490  -2.24337769  -0.34720492  -2.32927799 
     164    1.5265  +0.99755120  -0.06017311  +0.03564851  +0.06498241  +0.98589098  -0.15426025  -0.02586323  +0.15619902  +0.98738694  +3.00069499  -0.55857480  -7.64909601 
     165    1.2747  +0.99679989  -0.06167495  +0.05085408  +0.06854349  +0.98679340  -0.14676724  -0.04113061  +0.14978328  +0.98786294  +2.18986130  -0.93778831  -6.40423536 
     166    1.3826  +0.99909645  -0.02073815  +0.03709771  +0.02643602  +0.98670101  -0.16038141  -0.03327833  +0.16121720  +0.98635775  +0.09491800  +2.37860608  -7.22241068 
     167    1.4497  +0.99867928  -0.01998605  +0.04733134  +0.02745243  +0.98628139  -0.16277382  -0.04342882  +0.16385819  +0.98552752  -0.55325198  +2.32420516  -7.00665092 
     168    1.4206  +0.99889010  +0.00295536  +0.04700940  +0.00273248  +0.99271309  -0.12047096  -0.04702288  +0.12046570  +0.99160320  -2.19198942  +1.50166357  -4.23501253 
     169    1.5295  +0.99794829  +0.00755838  +0.06357706  +0.00150541  +0.98996252  -0.14132197  -0.06400707  +0.14112774  +0.98792005  -3.46992064  +3.03515315  -4.22698212 
     170    1.5820  +0.99766034  -0.01617074  +0.06642541  +0.02760022  +0.98419201  -0.17494103  -0.06254643  +0.17636509  +0.98233563  -2.28940415  +3.42931604  -6.39437008 
     171    1.4481  +0.99733508  +0.02203407  +0.06955034  -0.01345779  +0.99250609  -0.12145191  -0.07170521  +0.12019226  +0.99015766  -4.85077095  +2.32874131  -2.80663633 
     172    1.3369  +0.99717039  -0.00345840  +0.07509516  +0.01341222  +0.99109840  -0.13245396  -0.07396862  +0.13308637  +0.98834038  -3.18412542  +1.19973958  -3.08946133 
     173    1.3275  +0.99671215  +0.01938292  +0.07867108  -0.01098522  +0.99432617  -0.10580563  -0.08027553  +0.10459354  +0.99126989  -5.15084457  +0.98779935  -1.39712739 
     174    1.3169  +0.99789226  +0.00880223  +0.06429258  +0.00107854  +0.98837113  -0.15205702  -0.06488337  +0.15180586  +0.98627841  -3.87685609  +2.55213618  -4.94198418 
     175    1.4028  +0.99786842  +0.01590337  +0.06329064  -0.00162348  +0.97560042  -0.21954775  -0.06523792  +0.21897702  +0.97354662  -4.06286907  +7.28782845  -8.18873692 
     176    1.4057  +0.99876249  +0.01494672  +0.04743519  -0.00553415  +0.98124880  -0.19266595  -0.04942545  +0.19216502  +0.98011720  -3.29887605  +5.71383429  -7.71212053 
     177    1.4847  +0.99794424  +0.01603849  +0.06204901  -0.00321351  +0.97948432  -0.20149471  -0.06400770  +0.20088109  +0.97752225  -3.86189604  +6.45403004  -7.03018522 
     178    1.4695  +0.99599105  +0.04467970  +0.07749542  -0.02871601  +0.98017341  -0.19604981  -0.08471840  +0.19303851  +0.97752696  -6.57517672  +7.38951874  -5.89472723 
     179    1.4434  +0.99912381  -0.00392172  +0.04166737  +0.01165360  +0.98229396  -0.18698345  -0.04019631  +0.18730521  +0.98147899  -2.35564446  +4.68292999  -8.26505947 
     180    1.5468  +0.99903405  +0.00973032  +0.04285138  -0.00378531  +0.99060690  -0.13668808  -0.04377890  +0.13639385  +0.98968691  -2.78319621  +2.09724569  -5.79483414 
     181    1.3872  +0.99809325  -0.05197822  +0.03328808  +0.05724241  +0.98122442  -0.18417902  -0.02308978  +0.18573333  +0.98232883  +1.52964890  +1.35921717  -9.41741848 
     182    1.4415  +0.99572331  -0.05579979  +0.07363056  +0.06748451  +0.98361176  -0.16719389  -0.06309449  +0.17144778  +0.98317075  -0.62523985  -0.39809948  -6.52419567 
     183    1.4324  +0.99508536  -0.06437550  +0.07523935  +0.07628883  +0.98282135  -0.16805419  -0.06312826  +0.17296819  +0.98290223  -0.04329677  -1.26034200  -6.85610914 
     184    1.4238  +0.99515468  -0.04196607  +0.08891582  +0.05913099  +0.97796392  -0.20022510  -0.07855380  +0.20451263  +0.97570688  -2.52378798  +1.81269896  -6.88334799 
     185    1.3774  +0.99490893  -0.02026739  +0.09871930  +0.04195694  +0.97393894  -0.22289592  -0.09162904  +0.22590309  +0.96983087  -4.44880867  +4.29427910  -7.03508186 
     186    1.3029  +0.99278158  +0.01903510  +0.11841617  +0.00214337  +0.98435175  -0.17620169  -0.11991718  +0.17518361  +0.97720551  -7.83671236  +3.56000352  -3.05393720 
     187    1.3290  +0.99485117  +0.02823501  +0.09733394  -0.00467160  +0.97216272  -0.23426025  -0.10123876  +0.23259938  +0.96728915  -7.46008110  +8.27936554  -6.67193651 
     188    1.4043  +0.98996007  +0.01406751  +0.14064534  +0.02627508  +0.95937723  -0.28090036  -0.13888350  +0.28177559  +0.94937551  -8.60551167  +9.56530571  -6.21734762 
     189    1.3032  +0.99601269  +0.02629782  +0.08524754  -0.00465219  +0.96957576  -0.24474709  -0.08909027  +0.24337463  +0.96583211  -6.65733194  +9.02413750  -7.58689213 
     190    1.3201  +0.99728942  +0.00085622  +0.07357354  +0.01842686  +0.96516067  -0.26100826  -0.07123376  +0.26165649  +0.96252877  -4.56501389  +8.96268463  -9.27358723 
     191    1.3633  +0.99207032  -0.01936412  +0.12418327  +0.04990125  +0.96753019  -0.24778044  -0.11535301  +0.25201252  +0.96082431  -5.44260502  +5.97494698  -6.12454271 
     192    1.2539  +0.99492699  -0.04139487  +0.09168809  +0.06515604  +0.95957810  -0.27379665  -0.07664810  +0.27838171  +0.95740730  -2.32737803  +6.84874916  -9.80044746 
     193    1.2411  +0.99450648  -0.02671740  +0.10120806  +0.05446838  +0.95775092  -0.28239396  -0.08938728  +0.28635529  +0.95394474  -3.40674758  +7.56682968  -9.66198349 
     194    1.2381  +0.99059546  -0.02561053  +0.13440521  +0.05788055  +0.96853834  -0.24203987  -0.12397783  +0.24754304  +0.96091205  -5.17479038  +4.66930962  -5.71699715 
     195    1.2064  +0.98923594  -0.03912633  +0.14100151  +0.07390454  +0.96525228  -0.25065154  -0.12629496  +0.25837415  +0.95775384  -4.76520109  +4.47003651  -5.87289572 
     196    1.3177  +0.98542017  +0.00539674  +0.17005271  +0.04147723  +0.96172112  -0.27087280  -0.16500512  +0.27397683  +0.94747561  -8.83494186  +7.56631374  -3.90787387 
     197    1.2814  +0.98948449  +0.01024973  +0.14427552  +0.02303756  +0.97358388  -0.22716454  -0.14279269  +0.22809954  +0.96310997  -8.09820747  +5.89888287  -2.98726630 
     198    1.2743  +0.98723698  +0.01455278  +0.15859185  +0.03151275  +0.95827627  -0.28410122  -0.15610927  +0.28547290  +0.94558716  -9.12973785  +9.62011051  -4.62495327 
     199    1.2814  +0.98337817  +0.01508417  +0.18094140  +0.03250435  +0.96581942  -0.25716972  -0.17863591  +0.25877649  +0.94927549 -10.21287251  +7.50860929  -2.53286076 
     200    1.2927  +0.97955239  -0.00690184  +0.20107096  +0.05661386  +0.96848291  -0.24256076  -0.19305968  +0.24898437  +0.94907045  -9.39924812  +4.89881182  -0.77815831 
     201    1.3717  +0.97884816  -0.06212615  +0.19492723  +0.09671348  +0.98011231  -0.17328104  -0.18028530  +0.18846792  +0.96538961  -5.76596975  -2.05900455  +1.11620474 
     202    1.4550  +0.98151326  -0.09270127  +0.16744597  +0.12582724  +0.97177196  -0.19956650  -0.14421923  +0.21694644  +0.96547145  -2.50057197  -1.87839305  -2.48282886 
     203    1.3087  +0.98564225  -0.05513376  +0.15959211  +0.08545842  +0.97807735  -0.18989880  -0.14562359  +0.20081078  +0.96874601  -4.50122356  -0.56202984  -1.38375652 
     204    1.3932  +0.99045545  -0.06563387  +0.12120330  +0.08363236  +0.98514938  -0.14995432  -0.10956126  +0.15865958  +0.98123568  -2.18574905  -2.65296888  -1.26488566 
     205    1.4755  +0.99294525  -0.00843138  +0.11827356  +0.02010445  +0.99499780  -0.09785288  -0.11685690  +0.09954038  +0.98814785  -5.25701952  -2.82665372  +1.90935636 
     206    1.5019  +0.99135733  -0.04408959  +0.12355851  +0.05214121  +0.99666911  -0.06270586  -0.12038228  +0.06860641  +0.99035412  -3.73189592  -6.76516294  +3.74065208 
     207    1.4455  +0.99314392  -0.02731704  +0.11366130  +0.03939939  +0.99364352  -0.10545245  -0.11005817  +0.10920765  +0.98790735  -4.29491091  -3.30100513  +1.40166259 
     208    1.4656  +0.99057525  -0.00213167  +0.13695294  +0.02667355  +0.98373818  -0.17761688  -0.13434722  +0.17959592  +0.97452354  -6.79863930  +1.54479694  -0.91859263 
     209    1.4142  +0.99679631  -0.01488376  +0.07858464  +0.02784038  +0.98565567  -0.16645651  -0.07497990  +0.16811107  +0.98291236  -3.04126263  +0.71066129  -4.42221022 
     210    1.5310  +0.99657863  -0.04699260  +0.06799034  +0.05200132  +0.99591058  -0.07387789  -0.06424058  +0.07716072  +0.99494690  -0.17510466  -6.16178370  -0.19284804 
     211    1.4348  +0.99413097  -0.05838748  +0.09107409  +0.06924764  +0.99022841  -0.12104740  -0.08311649  +0.12664364  +0.98845994  -0.90706235  -3.81361055  -1.92763317 
     212    1.4963  +0.99489057  -0.09619927  +0.03063378  +0.09940518  +0.98642600  -0.13069965  -0.01764475  +0.13307701  +0.99094862  +4.46223545  -5.20579195  -6.41113997 
     213    1.4567  +0.99575078  -0.06294317  +0.06721968  +0.07427739  +0.98044664  -0.18222864  -0.05443526  +0.18644722  +0.98095578  +0.52578813  -0.23234500  -7.20979834 
     214    1.4391  +0.99546850  +0.02003308  +0.09295785  -0.00503233  +0.98728561  -0.15887673  -0.09495874  +0.15768899  +0.98291254  -5.48629189  +2.49307895  -3.53525448 
     215    1.2526  +0.99356174  -0.01330370  +0.11250785  +0.02530645  +0.99405056  -0.10593908  -0.11042911  +0.10810419  +0.98798728  -4.33073282  -2.31765485  +0.11976495 
     216    1.2601  +0.99105388  +0.04382601  +0.12606165  -0.03473442  +0.99669486  -0.07343608  -0.12886341  +0.06840044  +0.98930055  -8.45951462  -0.58653355  +3.89238167 
     217    1.2748  +0.99491298  +0.01957117  +0.09881873  -0.01257838  +0.99740434  -0.07089721  -0.09994976  +0.06929357  +0.99257666  -5.99358368  -1.98041320  +1.77791309 
     218    1.3497  +0.99801970  +0.04836712  +0.04021515  -0.04561157  +0.99672174  -0.06682345  -0.04331537  +0.06485684  +0.99695402  -4.79379416  -0.12376186  -1.53095496 
     219    1.2643  +0.99848884  +0.04187660  +0.03558605  -0.03991952  +0.99774092  -0.05403246  -0.03776835  +0.05253024  +0.99790490  -4.28162241  -1.36469674  -1.42565691 
     220    1.2994  +0.99701709  +0.06831670  +0.03591374  -0.06446483  +0.99297309  -0.09924089  -0.04244119  +0.09662969  +0.99441510  -5.94660091  +2.90473938  -3.67775059 
     221    1.3844  +0.99617779  +0.08104361  +0.03258463  -0.07787092  +0.99297929  -0.08904043  -0.03957202  +0.08616270  +0.99549490  -6.45663834  +3.32246065  -2.84092927 
     222    1.4451  +0.99795985  +0.06314298  +0.00943962  -0.06158058  +0.99101561  -0.11872617  -0.01685154  +0.11790265  +0.99288219  -4.23648071  +4.23130131  -5.44644642 
     223    1.4005  +0.99739701  +0.06875213  +0.02173301  -0.06474237  +0.98658955  -0.14983137  -0.03174279  +0.14803432  +0.98847270  -5.09089708  +6.58840275  -5.99017000 
     224    1.3510  +0.99040073  +0.07931975  +0.11320219  -0.06351138  +0.98853314  -0.13699815  -0.12277078  +0.12849344  +0.98408169 -10.00360394  +5.71900845  +0.90387213 
     225    1.5160  +0.99534869  +0.04998286  +0.08235738  -0.03935123  +0.99124908  -0.12600289  -0.08793467  +0.12217595  +0.98860532  -7.15937519  +3.64956880  -0.86439919 
     226    1.5842  +0.99499363  +0.05000277  +0.08653010  -0.03652229  +0.98787481  -0.15089576  -0.09302611  +0.14698003  +0.98475528  -7.52006721  +4.61241055  -1.98475444 
     227    1.4933  +0.99887574  +0.02321657  +0.04133050  -0.01605819  +0.98603064  -0.16578823  -0.04460217  +0.16493815  +0.98529488  -3.95692158  +4.51710653  -5.58572817 
