       1    0.0000  +1.00000000  +0.00000000  -0.00000000  -0.00000000  +1.00000000  +0.00000000  +0.00000000  -0.00000000  +1.00000000  -0.00000000  -0.00000000  +0.00000000 
       2    0.7151  +0.99996477  -0.00831920  +0.00109194  +0.00831980  +0.99996525  -0.00054749  -0.00108735  +0.00055655  +0.99999923  +0.07875881  -0.27998006  -0.18535082 
       3    0.8951  +0.99982429  -0.01288763  -0.01361282  +0.01290709  +0.99991578  +0.00134302  +0.01359437  -0.00151849  +0.99990642  +1.09940708  -0.67965984  -0.66669440 
       4    0.9412  +0.99985123  +0.00599474  -0.01617355  -0.00584962  +0.99994236  +0.00900514  +0.01622660  -0.00890919  +0.99982864  +0.37618586  -0.43447238  -0.65791899 
       5    0.9613  +0.99963450  +0.00834410  -0.02571523  -0.00814480  +0.99993604  +0.00784541  +0.02577905  -0.00763309  +0.99963850  +1.12117040  -0.40426189  -0.94883591 
       6    1.0723  +0.99957842  -0.00689536  -0.02820402  +0.00683516  +0.99997413  -0.00223037  +0.02821867  +0.00203665  +0.99959970  +1.68867648  +0.03233432  -1.60719037 
       7    1.2369  +0.99963266  +0.00351600  -0.02687460  -0.00420955  +0.99965841  -0.02579406  +0.02677473  +0.02589771  +0.99930596  +1.41243410  +2.41227078  -2.47224212 
       8    1.1336  +0.99974990  +0.01229212  -0.01868194  -0.01279840  +0.99954736  -0.02722631  +0.01833881  +0.02745860  +0.99945474  +0.44522312  +2.76038790  -2.34779882 
       9    1.0925  +0.99944055  +0.02313389  -0.02415434  -0.02363598  +0.99950606  -0.02071233  +0.02366325  +0.02127165  +0.99949366  +0.53152549  +2.48919249  -2.74214697 
      10    1.3222  +0.99981886  -0.00616919  -0.01800551  +0.00568891  +0.99962986  -0.02660467  +0.01816297  +0.02649742  +0.99948388  +1.18420911  +1.83330882  -3.00583339 
      11    1.1735  +0.99987978  -0.00788874  -0.01334838  +0.00751679  +0.99958831  -0.02768975  +0.01356132  +0.02758608  +0.99952745  +0.64725679  +2.13468409  -2.97223377 
      12    1.1938  +0.99972022  -0.00656730  -0.02272323  +0.00609508  +0.99976534  -0.02078855  +0.02285442  +0.02064424  +0.99952561  +1.30330300  +1.58373916  -3.02850366 
      13    1.1998  +0.99968082  +0.01200861  -0.02222630  -0.01224762  +0.99986827  -0.01064870  +0.02209549  +0.01091752  +0.99969625  +0.56630844  +1.32089436  -2.36584520 
      14    1.1389  +0.99954087  +0.01959193  -0.02311209  -0.01985130  +0.99974191  -0.01104678  +0.02288970  +0.01150051  +0.99967182  +0.21590382  +1.77646029  -2.70966148 
      15    1.0637  +0.99986517  +0.00102769  -0.01638789  -0.00145805  +0.99965382  -0.02627040  +0.01635521  +0.02629076  +0.99952054  +0.09485658  +1.93550634  -3.07262969 
      16    1.1165  +0.99988699  -0.01243591  -0.00844864  +0.01219454  +0.99953228  -0.02804459  +0.00879345  +0.02793839  +0.99957097  -0.11593062  +1.72313499  -2.92068601 
      17    1.0351  +0.99985963  +0.00188121  -0.01664745  -0.00222998  +0.99977791  -0.02095663  +0.01660432  +0.02099081  +0.99964178  +0.01258096  +1.64346111  -2.97712040 
      18    1.0434  +0.99996346  +0.00238604  -0.00821118  -0.00264339  +0.99950105  -0.03147488  +0.00813198  +0.03149544  +0.99947083  -0.70290923  +2.52209377  -3.31920862 
      19    1.1565  +0.99971020  +0.01041147  -0.02170430  -0.01113724  +0.99937361  -0.03359084  +0.02134097  +0.03382283  +0.99919999  +0.04913946  +3.01447058  -3.98617554 
      20    1.3363  +0.99981505  +0.00626204  -0.01818495  -0.00711333  +0.99886334  -0.04713203  +0.01786914  +0.04725266  +0.99872315  -0.38809836  +4.14267445  -4.14262867 
      21    1.2409  +0.99950290  +0.02296649  -0.02159835  -0.02383091  +0.99888903  -0.04065530  +0.02064064  +0.04114980  +0.99893975  -0.94112486  +4.51060915  -3.67357802 
      22    1.2902  +0.99970329  +0.01392511  -0.01998677  -0.01473943  +0.99904257  -0.04119125  +0.01939404  +0.04147362  +0.99895138  -1.05628252  +4.17149544  -3.64493227 
      23    1.2031  +0.99912745  +0.03013053  -0.02892205  -0.03078030  +0.99927759  -0.02229021  +0.02822955  +0.02316099  +0.99933308  -1.12432277  +3.18550110  -2.98828101 
      24    1.2368  +0.99869442  +0.03857762  -0.03348554  -0.03931103  +0.99899513  -0.02152702  +0.03262144  +0.02281527  +0.99920732  -1.39003551  +3.43893504  -3.24083710 
      25    1.3035  +0.99784672  +0.04084986  -0.05131454  -0.04144010  +0.99908590  -0.01049105  +0.05083907  +0.01259494  +0.99862742  -0.19855680  +2.76008129  -3.54814482 
      26    1.3347  +0.99706209  +0.05890985  -0.04895745  -0.05966253  +0.99811965  -0.01405653  +0.04803733  +0.01693616  +0.99870193  -0.68926966  +3.60985637  -3.82952738 
      27    1.3293  +0.99823648  +0.03980799  -0.04403751  -0.04085549  +0.99889690  -0.02314740  +0.04306748  +0.02490575  +0.99876165  -0.29001895  +3.67731833  -3.81059504 
      28    1.4151  +0.99740535  +0.02929397  -0.06576038  -0.03130166  +0.99906832  -0.02971042  +0.06482878  +0.03169174  +0.99739301  +1.88370788  +3.64121890  -4.45147943 
      29    1.3180  +0.99728775  +0.02113794  -0.07050096  -0.02238393  +0.99960607  -0.01693035  +0.07011532  +0.01846252  +0.99736804  +2.43010783  +2.43473339  -4.07616806 
      30    1.2353  +0.99776167  +0.03162554  -0.05891924  -0.03213076  +0.99945444  -0.00764698  +0.05864526  +0.00952298  +0.99823344  +1.28923202  +2.05129910  -3.23325944 
      31    1.0988  +0.99658000  +0.03094076  -0.07662193  -0.03173799  +0.99945378  -0.00920868  +0.07629515  +0.01160902  +0.99701768  +2.72857475  +2.10950279  -3.88900995 
      32    1.1929  +0.99596387  +0.02076242  -0.08732080  -0.02281400  +0.99948508  -0.02256265  +0.08680739  +0.02446372  +0.99592471  +4.20655537  +2.82877231  -4.60323572 
      33    1.0712  +0.99557966  +0.02413660  -0.09076661  -0.02475449  +0.99967736  -0.00568769  +0.09060004  +0.00790943  +0.99585593  +4.50028944  +1.77575791  -4.26356554 
      34    1.0279  +0.99544984  +0.03804377  -0.08736302  -0.03817720  +0.99927098  +0.00014369  +0.08730480  +0.00319224  +0.99617654  +3.93144155  +1.64603591  -4.01575947 
      35    0.9867  +0.99468327  +0.03621606  -0.09640316  -0.03716558  +0.99927652  -0.00807151  +0.09604109  +0.01161148  +0.99530965  +4.96697664  +2.30906796  -4.49524927 
      36    0.9270  +0.99462962  +0.03037807  -0.09894004  -0.03011158  +0.99953777  +0.00418597  +0.09902147  -0.00118425  +0.99508458  +5.24978256  +1.15419292  -4.15131664 
      37    1.0365  +0.99318916  +0.04345729  -0.10810547  -0.04321541  +0.99905527  +0.00458037  +0.10820238  +0.00012265  +0.99412888  +5.60211134  +1.58546412  -4.47894287 
      38    1.0828  +0.99331355  +0.02293865  -0.11314619  -0.02238332  +0.99973041  +0.00617615  +0.11325736  -0.00360227  +0.99355918  +6.69694471  +0.74529731  -4.27557325 
      39    1.0758  +0.99375439  +0.01943860  -0.10988343  -0.01790598  +0.99972838  +0.01491738  +0.11014356  -0.01285664  +0.99383253  +6.60583258  -0.24934980  -4.02000713 
      40    1.0895  +0.99418664  +0.00840026  -0.10734205  -0.00705486  +0.99989182  +0.01290740  +0.10743886  -0.01207508  +0.99413836  +6.59401989  -0.69567353  -4.55411196 
      41    1.0717  +0.99352521  +0.01445729  -0.11268841  -0.01260818  +0.99977422  +0.01710451  +0.11291026  -0.01557296  +0.99348313  +7.09747744  -0.90301514  -4.48174572 
      42    1.2296  +0.99135983  +0.02901033  -0.12792213  -0.02658192  +0.99943334  +0.02065047  +0.12844872  -0.01707163  +0.99156922  +7.75073814  -0.86712033  -5.19944715 
      43    1.1560  +0.99128765  +0.01049809  -0.13129574  -0.00885449  +0.99987507  +0.01309587  +0.13141681  -0.01181922  +0.99125671  +8.58710766  -0.90244240  -5.29732180 
      44    1.1594  +0.99215943  +0.00586554  -0.12484118  -0.00448709  +0.99992585  +0.01131993  +0.12489831  -0.01067100  +0.99211216  +8.23230553  -0.95324665  -5.18353748 
      45    1.2063  +0.99337679  +0.00971127  -0.11449120  -0.00981448  +0.99995178  -0.00033781  +0.11448240  +0.00145924  +0.99342418  +7.29425812  +0.22681010  -5.19259167 
      46    1.3394  +0.99311280  +0.00070192  -0.11716019  -0.00200050  +0.99993789  -0.01096653  +0.11714522  +0.01112538  +0.99305248  +7.84601879  +0.21598110  -6.00090361 
      47    1.1761  +0.99210173  +0.00155482  -0.12542629  -0.00252693  +0.99996799  -0.00759177  +0.12541048  +0.00784875  +0.99207389  +8.28601646  +0.14456911  -5.93795967 
      48    1.2132  +0.99104983  +0.00568871  -0.13337123  -0.00623171  +0.99997389  -0.00365423  +0.13334696  +0.00445266  +0.99105942  +9.04621220  +0.19217753  -6.21276903 
      49    1.2586  +0.98938674  +0.01842849  -0.14413293  -0.01891471  +0.99981910  -0.00200375  +0.14406992  +0.00470871  +0.98955631  +9.51504040  +0.64871991  -6.60271931 
      50    1.2175  +0.98867494  +0.01779001  -0.14901462  -0.02091981  +0.99959171  -0.01946221  +0.14860754  +0.02235916  +0.98864347  +9.98809719  +1.96390367  -6.74364042 
      51    1.2504  +0.98937029  +0.02351874  -0.14350379  -0.02754555  +0.99927872  -0.02613854  +0.14278553  +0.02981358  +0.98930454  +9.45290852  +2.60547972  -6.96258545 
      52    1.2602  +0.98971689  +0.03059604  -0.13972956  -0.03377880  +0.99921983  -0.02046294  +0.13899447  +0.02497242  +0.98997825  +8.95687294  +2.09785461  -6.51854563 
      53    1.3766  +0.98854899  +0.04044963  -0.14537765  -0.04419139  +0.99876744  -0.02260037  +0.14428428  +0.02876601  +0.98911810  +8.56757355  +2.35822821  -7.37875223 
      54    1.2455  +0.99088854  +0.02247855  -0.13279535  -0.02570388  +0.99941355  -0.02262365  +0.13220893  +0.02583087  +0.99088526  +8.29302883  +1.84114945  -6.81035280 
      55    1.3638  +0.99113303  +0.01829365  -0.13160804  -0.02004673  +0.99972695  -0.01200779  +0.13135244  +0.01453963  +0.99122912  +8.46510506  +0.84239376  -6.50531864 
      56    1.2562  +0.99262291  +0.03212217  -0.11691009  -0.03330598  +0.99941170  -0.00818586  +0.11657836  +0.01201928  +0.99310875  +6.78187323  +1.05879426  -6.10301256 
      57    1.0836  +0.99514037  +0.01882243  -0.09665062  -0.01914444  +0.99981385  -0.00240534  +0.09658736  +0.00424397  +0.99531549  +5.46561289  -0.09897267  -5.03373861 
      58    1.1368  +0.99519962  +0.00737557  -0.09758734  -0.00815477  +0.99993795  -0.00758813  +0.09752531  +0.00834751  +0.99519801  +5.72152376  +0.13460252  -5.47524738 
      59    1.1135  +0.99519187  +0.01260329  -0.09713048  -0.01373958  +0.99984467  -0.01103859  +0.09697627  +0.01232004  +0.99521047  +5.65373755  +0.08524659  -5.40595198 
      60    1.0863  +0.99540776  +0.00362831  -0.09565676  -0.00574339  +0.99974489  -0.02184514  +0.09555309  +0.02229421  +0.99517465  +5.53849745  +0.54458022  -6.21260357 
      61    1.1337  +0.99498653  +0.00923780  -0.09958144  -0.01016259  +0.99990976  -0.00878354  +0.09949131  +0.00975150  +0.99499065  +5.76252127  -0.17367196  -6.04511166 
      62    1.0589  +0.99372786  -0.01107549  -0.11127587  +0.01131144  +0.99993491  +0.00148928  +0.11125214  -0.00273863  +0.99378842  +7.62735176  -1.47024095  -5.53694868 
      63    1.1086  +0.99423182  +0.00264913  -0.10721991  -0.00163966  +0.99995351  +0.00950201  +0.10724010  -0.00927139  +0.99418992  +6.63906050  -0.99252790  -5.14776039 
      64    1.1292  +0.99488068  +0.01753084  -0.09952454  -0.01738609  +0.99984616  +0.00232167  +0.09954993  -0.00057944  +0.99503237  +5.32355356  -0.33341306  -5.59509706 
      65    1.2433  +0.99567956  +0.01996044  -0.09068526  -0.02029151  +0.99979037  -0.00273011  +0.09061176  +0.00455846  +0.99587584  +4.53358126  +0.25260371  -5.18855953 
      66    1.0996  +0.99195760  +0.01371909  -0.12582479  -0.01467327  +0.99987018  -0.00665968  +0.12571709  +0.00845238  +0.99203014  +7.79083109  +0.28222418  -6.59756899 
      67    1.3697  +0.99261272  +0.01544185  -0.12033941  -0.01638237  +0.99984246  -0.00683009  +0.12021498  +0.00875107  +0.99270934  +7.29269218  +0.31514564  -6.38098431 
      68    1.3470  +0.99315792  +0.01948522  -0.11514217  -0.01982258  +0.99980193  -0.00178552  +0.11508457  +0.00405572  +0.99334741  +6.95147657  +0.13223119  -5.81675148 
      69    1.2550  +0.99288088  +0.04380777  -0.11076289  -0.04223650  +0.99897146  +0.01649384  +0.11137153  -0.01169818  +0.99370998  +5.88515615  -0.74189150  -5.18670321 
      70    1.2367  +0.99266666  +0.05523900  -0.10752484  -0.05401866  +0.99843854  +0.01423133  +0.10814307  -0.00831862  +0.99410051  +5.35766983  +0.07736007  -5.30498075 
      71    1.4314  +0.99241430  +0.03512219  -0.11781463  -0.03335327  +0.99929982  +0.01695321  +0.11832757  -0.01289510  +0.99289089  +7.29779625  -1.28624308  -5.65493917 
      72    1.4420  +0.99108338  +0.02860776  -0.13013560  -0.02610828  +0.99944121  +0.02087277  +0.13066000  -0.01728904  +0.99127650  +8.12716293  -1.66084838  -5.90768766 
      73    1.4782  +0.98781705  +0.04857044  -0.14784591  -0.04674496  +0.99878192  +0.01579891  +0.14843318  -0.00869538  +0.98888421  +8.47776127  -0.32405442  -6.87551928 
      74    1.6473  +0.98682523  +0.05540361  -0.15200786  -0.05378562  +0.99844372  +0.01473857  +0.15258786  -0.00636855  +0.98826939  +8.20676804  -0.04706175  -7.31369591 
      75    1.5817  +0.98658550  +0.05922874  -0.15212172  -0.05743473  +0.99821842  +0.01616437  +0.15280810  -0.00721047  +0.98822957  +8.16317081  +0.34765309  -6.98171520 
      76    1.4997  +0.98685431  +0.06746258  -0.14685841  -0.06575147  +0.99769992  +0.01648042  +0.14763243  -0.00660761  +0.98902023  +7.43493795  +0.93504435  -6.43976498 
      77    1.7109  +0.98488450  +0.06159659  -0.16189018  -0.05990695  +0.99808669  +0.01530242  +0.16252300  -0.00537277  +0.98669010  +9.36284924  +0.56361258  -6.89601469 
      78    1.6174  +0.98539466  +0.07023378  -0.15512758  -0.06793790  +0.99748790  +0.02005892  +0.15614671  -0.00922691  +0.98769081  +8.79701233  +0.53990304  -6.63642788 
      79    1.7492  +0.98740107  +0.07277649  -0.14050871  -0.06822480  +0.99698550  +0.03695045  +0.14277427  -0.02689873  +0.98938972  +7.78183699  -0.42269811  -5.57875729 
      80    1.6304  +0.98730606  +0.05653899  -0.14842536  -0.05615082  +0.99839908  +0.00680769  +0.14857264  +0.00161293  +0.98890018  +8.74839401  +1.18559504  -7.19267035 
      81    1.4715  +0.98821557  +0.04030471  -0.14766689  -0.03874512  +0.99915898  +0.01342399  +0.14808375  -0.00754443  +0.98894602  +9.28822613  -0.01870957  -6.42160368 
      82    1.4305  +0.99043894  +0.01970508  -0.13653746  -0.01969814  +0.99980497  +0.00140209  +0.13653846  +0.00130085  +0.99063390  +9.31345081  -0.17850104  -6.19261456 
      83    1.3792  +0.99103040  +0.01584319  -0.13269399  -0.01584532  +0.99987394  +0.00103996  +0.13269374  +0.00107195  +0.99115652  +8.70340824  +0.01304267  -6.16510391 
      84    1.3502  +0.98794580  +0.03802118  -0.15005839  -0.03995386  +0.99915266  -0.00988474  +0.14955540  +0.01576100  +0.98862773  +8.95447731  +1.69693112  -7.57109499 
      85    1.3009  +0.98906147  +0.05554049  -0.13664772  -0.05339577  +0.99838662  +0.01931376  +0.13749994  -0.01180608  +0.99043143  +7.58879805  -0.06792802  -5.78127956 
      86    1.3758  +0.99049562  +0.05105763  -0.12771657  -0.05011404  +0.99868733  +0.01059272  +0.12808976  -0.00409165  +0.99175411  +6.65326834  +0.85869902  -5.68814087 
      87    1.3414  +0.98988020  +0.05220389  -0.13195442  -0.05230762  +0.99862742  +0.00268241  +0.13191332  +0.00424696  +0.99125218  +7.19243479  +0.73269582  -6.41730261 
      88    1.3602  +0.98878473  +0.08011428  -0.12604170  -0.07916716  +0.99678278  +0.01251383  +0.12663874  -0.00239512  +0.99194604  +5.53165436  +1.23164284  -6.04894686 
      89    1.2681  +0.98632932  +0.07181248  -0.14831555  -0.06924548  +0.99734801  +0.02240620  +0.14953126  -0.01182971  +0.98868620  +7.21168900  +0.05680713  -6.17802763 
      90    1.2870  +0.98771983  +0.06364936  -0.14268246  -0.06080058  +0.99785548  +0.02424210  +0.14391947  -0.01526922  +0.98947161  +6.90020990  -0.30453297  -5.63576221 
      91    1.2426  +0.98993397  +0.03257221  -0.13773073  -0.03407950  +0.99938214  -0.00859915  +0.13736555  +0.01320639  +0.99043238  +7.74179029  +0.80349356  -6.32514715 
      92    1.1217  +0.98758948  +0.03311380  -0.15352698  -0.03324420  +0.99944580  +0.00171841  +0.15349878  +0.00340680  +0.98814297  +9.01080322  +0.23593785  -6.86012697 
      93    1.2205  +0.98781520  +0.05650287  -0.14501217  -0.05785643  +0.99831176  -0.00513051  +0.14447747  +0.01345788  +0.98941654  +6.74915743  +2.07786655  -7.20299482 
      94    1.1917  +0.98921269  +0.02538231  -0.14427041  -0.02584101  +0.99966520  -0.00130616  +0.14418894  +0.00502016  +0.98953742  +7.84561872  +0.17922784  -7.15569448 
      95    1.2266  +0.99084663  +0.03828735  -0.12944894  -0.03627676  +0.99918228  +0.01785518  +0.13002671  -0.01299575  +0.99142534  +6.37051296  -0.24341334  -5.60781860 
      96    1.2838  +0.99233425  +0.01589992  -0.12255590  -0.01496664  +0.99985158  +0.00853206  +0.12267337  -0.00663240  +0.99242496  +6.75696611  -0.49808824  -5.70646334 
      97    1.1477  +0.99403352  +0.01763569  -0.10763983  -0.01609130  +0.99975497  +0.01519955  +0.10788152  -0.01337679  +0.99407375  +5.46158218  -0.99740368  -5.16117620 
      98    1.1955  +0.99472618  +0.01159567  -0.10190839  -0.01079208  +0.99990618  +0.00843326  +0.10199662  -0.00728898  +0.99475807  +5.39461613  -0.27002758  -5.53210258 
      99    1.2839  +0.99544799  +0.02047724  -0.09308077  -0.01962334  +0.99975663  +0.01007984  +0.09326452  -0.00820740  +0.99560755  +4.52707863  +0.22302154  -4.79287052 
     100    1.2878  +0.99529976  -0.01773398  -0.09520465  +0.01788725  +0.99983972  +0.00075662  +0.09517597  -0.00245602  +0.99545741  +6.66746140  -1.12332332  -5.54974222 
     101    1.3505  +0.99530089  +0.00244288  -0.09679960  -0.00485578  +0.99968314  -0.02469909  +0.09670859  +0.02505306  +0.99499738  +5.63560247  +1.98676789  -7.38358927 
     102    1.3287  +0.99546200  +0.02123025  -0.09276147  -0.02274866  +0.99962348  -0.01534231  +0.09240083  +0.01738288  +0.99557012  +4.53064871  +2.18411398  -6.51525307 
     103    1.3266  +0.99310195  +0.00666336  -0.11706436  -0.00826618  +0.99987853  -0.01321159  +0.11696211  +0.01408813  +0.99303645  +7.11303186  +1.39093459  -7.57167196 
     104    1.2940  +0.99363124  +0.01776790  -0.11127128  -0.01893549  +0.99977607  -0.00944519  +0.11107855  +0.01149201  +0.99374521  +6.47712135  +1.40956819  -7.44599485 
     105    1.2575  +0.99499178  +0.00412904  -0.09987124  -0.00548304  +0.99989671  -0.01328673  +0.09980606  +0.01376779  +0.99491167  +5.83211899  +1.28072786  -7.10367107 
     106    1.3382  +0.99420482  -0.00206093  -0.10748257  +0.00057138  +0.99990338  -0.01388754  +0.10750081  +0.01374565  +0.99410999  +7.14226103  +0.82440114  -7.24100780 
     107    1.2274  +0.99322712  +0.00153130  -0.11617881  -0.00318029  +0.99989682  -0.01400952  +0.11614536  +0.01428412  +0.99312949  +7.96516800  +0.56446099  -7.82944965 
     108    1.2906  +0.99156147  +0.02511084  -0.12718216  -0.02543844  +0.99967593  -0.00095202  +0.12711704  +0.00417930  +0.99187893  +8.06640530  +0.42775568  -7.86343718 
     109    1.3534  +0.99272704  +0.02517632  -0.11772503  -0.02822070  +0.99930716  -0.02426483  +0.11703257  +0.02741064  +0.99274975  +7.61363029  +2.34515166  -8.65165615 
     110    1.3081  +0.99169564  +0.04828734  -0.11919780  -0.05125429  +0.99844438  -0.02195037  +0.11795245  +0.02787749  +0.99262786  +6.84192467  +3.17202806  -8.26397228 
     111    1.3151  +0.99028081  +0.04526503  -0.13151039  -0.04697725  +0.99884647  -0.00994489  +0.13090853  +0.01602623  +0.99126488  +7.97704554  +2.21873546  -7.74644995 
     112    1.3788  +0.99145049  +0.02321468  -0.12840167  -0.02165246  +0.99967372  +0.01354936  +0.12867433  -0.01065331  +0.99162966  +8.58892632  -0.15748650  -6.26611614 
     113    1.3619  +0.99022365  +0.01776117  -0.13835365  -0.01773112  +0.99984175  +0.00144976  +0.13835749  +0.00101758  +0.99038184  +9.40443516  +0.55543166  -7.12448359 
     114    1.4253  +0.98915350  +0.01886845  -0.14566842  -0.01664704  +0.99972606  +0.01645380  +0.14593896  -0.01385038  +0.98919666 +10.20646191  -0.30396342  -6.23398733 
     115    1.5650  +0.99288428  +0.01923646  -0.11751902  -0.01840363  +0.99979728  +0.00816792  +0.11765232  -0.00594703  +0.99303705  +7.86147499  +0.15493502  -5.44014120 
     116    1.4803  +0.99315101  +0.02757667  -0.11353675  -0.02645058  +0.99958497  +0.01141310  +0.11380436  -0.00833182  +0.99346823  +7.67232084  -0.26622772  -5.51864481 
     117    1.4829  +0.99299783  +0.04812210  -0.10788665  -0.04907722  +0.99877566  -0.00621386  +0.10745554  +0.01146512  +0.99414378  +6.07034397  +1.95306921  -6.45846939 
     118    1.4895  +0.99471051  +0.02256185  -0.10020946  -0.02605625  +0.99909228  -0.03369995  +0.09935816  +0.03613278  +0.99439549  +5.89562368  +2.96822476  -7.41676044 
     119    1.5531  +0.99223340  +0.04903590  -0.11431687  -0.05029272  +0.99870139  -0.00813436  +0.11376954  +0.01382049  +0.99341106  +5.73532200  +2.60724783  -7.03297806 
     120    1.5332  +0.99173540  +0.04766585  -0.11911678  -0.04812935  +0.99884057  -0.00101580  +0.11893026  +0.00674042  +0.99287975  +6.03374624  +1.81401300  -6.64140701 
     121    1.5566  +0.99130636  +0.03319307  -0.12731819  -0.03319172  +0.99944675  +0.00213281  +0.12731855  +0.00211164  +0.99185961  +7.60465860  +0.43949646  -6.70021963 
     122    1.6063  +0.98991787  +0.04934505  -0.13276938  -0.04747847  +0.99872434  +0.01719012  +0.13344826  -0.01071312  +0.99099785  +6.95937204  +0.61914450  -6.66956997 
     123    1.6638  +0.99180281  +0.05577784  -0.11496086  -0.05315939  +0.99825472  +0.02572061  +0.11619487  -0.01939852  +0.99303699  +5.54050589  +0.07656970  -5.47185707 
     124    1.6728  +0.98865348  +0.07560463  -0.12980080  -0.07266139  +0.99698377  +0.02726985  +0.13147101  -0.01752893  +0.99116504  +5.78031397  +1.28200412  -6.04245615 
     125    1.6083  +0.98977423  +0.07573809  -0.12087463  -0.06943104  +0.99603784  +0.05556948  +0.12460443  -0.04660879  +0.99111116  +5.08983517  -0.29525879  -4.02131176 
     126    1.5828  +0.99007529  +0.05675411  -0.12856844  -0.05389912  +0.99821866  +0.02558038  +0.12979122  -0.01839677  +0.99137068  +6.53791618  +1.25936759  -5.00225925 
     127    1.6540  +0.98664880  +0.08548202  -0.13862532  -0.08228479  +0.99619716  +0.02864381  +0.14054668  -0.01685462  +0.98993057  +6.20160913  +2.31745791  -5.84599924 
     128    1.5958  +0.99060380  +0.06030650  -0.12274852  -0.05765815  +0.99802285  +0.02501767  +0.12401456  -0.01770514  +0.99212241  +6.01170683  +1.31556630  -4.69321108 
     129    1.7782  +0.99202675  +0.01201384  -0.12545355  -0.01014219  +0.99982768  +0.01554712  +0.12561871  -0.01415078  +0.99197769  +8.41736698  -0.21468514  -5.11572838 
     130    1.6160  +0.98957086  +0.02024908  -0.14261647  -0.01597650  +0.99939042  +0.03104032  +0.14315806  -0.02843809  +0.98929119  +8.76759529  -0.80401582  -5.52351284 
     131    1.4999  +0.98895937  +0.01872856  -0.14699884  -0.01898119  +0.99981982  -0.00031592  +0.14696643  +0.00310264  +0.98913664  +9.18455791  +1.36395776  -6.69144201 
     132    1.5352  +0.98879123  +0.02574185  -0.14706887  -0.02906871  +0.99936682  -0.02051645  +0.14644763  +0.02456159  +0.98891348  +8.81228828  +3.46905088  -7.77974367 
     133    1.6035  +0.99272645  +0.01892932  -0.11889441  -0.02186675  +0.99948585  -0.02345031  +0.11838938  +0.02587957  +0.99262995  +7.28508949  +3.17145205  -6.20876360 
     134    1.6728  +0.99106389  +0.01003863  -0.13300969  -0.01132445  +0.99989617  -0.00891411  +0.13290638  +0.01034071  +0.99107462  +8.60674763  +1.68628693  -5.84857368 
     135    1.5697  +0.99210238  +0.00245584  -0.12540676  -0.00543104  +0.99971169  -0.02338805  +0.12531316  +0.02388443  +0.99182969  +7.71144962  +2.57376242  -6.34114313 
     136    1.6443  +0.99287313  -0.01686645  -0.11797649  +0.01511105  +0.99976164  -0.01575793  +0.11821415  +0.01386287  +0.99289137  +7.84825182  +1.03451514  -5.91665077 
     137    1.6561  +0.99229223  -0.01832769  -0.12255712  +0.01683565  +0.99977118  -0.01319881  +0.12277098  +0.01103374  +0.99237370  +8.25287533  +0.28611529  -5.81884336 
     138    1.8399  +0.99005806  -0.02149394  -0.13900748  +0.02120787  +0.99976885  -0.00353897  +0.13905142  +0.00055573  +0.99028498  +9.26014614  -0.44270661  -6.11600113 
     139    1.8935  +0.99188572  +0.00397297  -0.12707074  -0.00500322  +0.99995714  -0.00778953  +0.12703435  +0.00836208  +0.99186307  +7.04537439  +1.41812682  -5.85134602 
     140    1.8828  +0.99308020  -0.01860462  -0.11595516  +0.01702821  +0.99974883  -0.01457089  +0.11619712  +0.01249555  +0.99314755  +6.52114820  +1.09945989  -6.05665684 
     141    1.8778  +0.99395275  +0.00253928  -0.10977942  -0.00031623  +0.99979466  +0.02026276  +0.10980833  -0.02010551  +0.99374944  +5.30888844  -0.04788485  -4.07062626 
     142    1.7530  +0.99143821  -0.03181799  -0.12664081  +0.03486967  +0.99915069  +0.02195311  +0.12583475  -0.02618107  +0.99170566  +8.87392712  -1.48636627  -3.89602304 
     143    1.8419  +0.99474996  -0.00928568  -0.10191332  +0.00959884  +0.99995059  +0.00258283  +0.10188430  -0.00354752  +0.99478996  +5.86546564  +1.12478495  -4.07780170 
     144    2.0230  +0.99228692  -0.02550001  -0.12131143  +0.02659841  +0.99961847  +0.00744341  +0.12107534  -0.01061269  +0.99258661  +7.60871410  +0.08535415  -4.23002195 
     145    2.0251  +0.98690802  -0.04510015  -0.15484990  +0.04538924  +0.99896801  -0.00166997  +0.15476541  -0.00538041  +0.98793662 +11.03871822  -0.57523108  -5.78131485 
     146    1.9795  +0.98733270  -0.03860331  -0.15389563  +0.03792394  +0.99925363  -0.00734882  +0.15406446  +0.00141940  +0.98805976 +10.68497562  +0.41382056  -5.88407707 
     147    1.8517  +0.98981136  -0.00300700  -0.14235316  +0.00318884  +0.99999434  +0.00104927  +0.14234920  -0.00149252  +0.98981535  +7.86544371  +1.86501968  -4.88754940 
     148    2.0407  +0.98928159  -0.01707328  -0.14501871  +0.01573073  +0.99982220  -0.01039952  +0.14517048  +0.00800680  +0.98937428  +8.73312283  +2.41746974  -5.37385654 
     149    2.0625  +0.98997217  -0.00596495  -0.14113642  +0.00566661  +0.99998081  -0.00251562  +0.14114872  +0.00169063  +0.98998696  +8.19849491  +2.34046078  -5.23059464 
     150    2.2075  +0.99198514  -0.02257543  -0.12432139  +0.02197823  +0.99973941  -0.00617327  +0.12442835  +0.00339143  +0.99222279  +7.72919321  +2.13615131  -3.84682298 
     151    2.1292  +0.99281383  -0.00276303  -0.11963743  +0.00019006  +0.99976856  -0.02151242  +0.11966918  +0.02133509  +0.99258453  +6.08434248  +4.32687140  -5.01946163 
     152    2.1878  +0.99482137  -0.00130798  -0.10163027  +0.00049817  +0.99996793  -0.00799310  +0.10163747  +0.00790108  +0.99479014  +4.58653021  +3.94341660  -3.59087777 
     153    1.9865  +0.99598879  +0.00229232  -0.08944871  -0.00315779  +0.99994957  -0.00953521  +0.08942234  +0.00977942  +0.99594581  +3.77412224  +3.90868092  -3.14916420 
     154    1.9565  +0.99774212  -0.01432082  -0.06561720  +0.01162989  +0.99908286  -0.04120941  +0.06614717  +0.04035324  +0.99699354  +2.76703978  +4.95631886  -4.14320660 
     155    1.9339  +0.99341190  -0.03275293  -0.10981800  +0.02720363  +0.99829441  -0.05165506  +0.11132255  +0.04832730  +0.99260855  +6.46546316  +5.05800200  -6.45316315 
     156    2.0034  +0.99125117  -0.02461533  -0.12967362  +0.01887330  +0.99879402  -0.04532498  +0.13063292  +0.04248106  +0.99052024  +7.26176262  +5.14457846  -6.72051573 
     157    2.1551  +0.99228311  -0.03079416  -0.12010824  +0.02452683  +0.99827653  -0.05331463  +0.12154301  +0.04995733  +0.99132818  +6.05714464  +5.92069006  -6.89055634 
     158    2.0691  +0.99190658  -0.00268063  -0.12694129  +0.00149232  +0.99995416  -0.00945521  +0.12696081  +0.00918925  +0.99186516  +5.08965731  +4.26948500  -4.98868036 
     159    1.9157  +0.99279851  -0.01413263  -0.11895982  +0.01276483  +0.99984348  -0.01225214  +0.11911435  +0.01064540  +0.99282348  +5.14224195  +3.93147469  -4.92152166 
     160    1.9906  +0.98874301  -0.05651861  -0.13853857  +0.05725856  +0.99835849  +0.00135826  +0.13823439  -0.00927548  +0.99035609  +8.63892937  +0.72612345  -4.94524288 
     161    1.8723  +0.99259651  -0.04639371  -0.11224866  +0.04954020  +0.99844897  +0.02540491  +0.11089593  -0.03077765  +0.99335533  +6.60023642  -0.08807296  -2.66067505 
     162    1.9758  +0.99120581  -0.04909163  -0.12288645  +0.05136140  +0.99856186  +0.01536938  +0.12195521  -0.02154584  +0.99230170  +7.85865450  -0.02673425  -3.82302761 
     163    1.9832  +0.99153876  -0.04892748  -0.12023704  +0.05024181  +0.99870569  +0.00792226  +0.11969380  -0.01389615  +0.99271357  +7.72401762  +0.91327119  -3.95247054 
     164    1.8603  +0.98879373  -0.01974680  -0.14797658  +0.01947244  +0.99980491  -0.00330268  +0.14801294  +0.00038420  +0.98898536  +7.93728209  +3.05680990  -6.02150631 
     165    1.7349  +0.99204737  -0.01787321  -0.12458974  +0.01889607  +0.99979675  +0.00703279  +0.12443872  -0.00933111  +0.99218345  +5.94062042  +2.71909642  -3.92832994 
     166    1.6594  +0.99647754  -0.03557414  -0.07594062  +0.03346192  +0.99902183  -0.02890799  +0.07689472  +0.02626505  +0.99669319  +3.79391074  +3.68747592  -3.61998868 
     167    1.5512  +0.99513036  -0.04218245  -0.08908517  +0.04213465  +0.99910903  -0.00241782  +0.08910779  -0.00134752  +0.99602109  +4.73780155  +1.50321162  -3.23516154 
     168    1.5406  +0.99520802  -0.03927161  -0.08954737  +0.04186280  +0.99875188  +0.02724378  +0.08836569  -0.03086193  +0.99560988  +5.09494209  -0.31619331  -1.67164433 
     169    1.5596  +0.99301612  -0.02894042  -0.11437415  +0.03380246  +0.99859536  +0.04080138  +0.11303268  -0.04438255  +0.99259955  +6.36772585  -1.00130618  -2.16115999 
     170    1.4687  +0.99464333  -0.02159568  -0.10108525  +0.02324093  +0.99961543  +0.01512654  +0.10071971  -0.01739483  +0.99476278  +4.77877283  +0.99900067  -3.54012322 
     171    1.5197  +0.99783003  -0.02573317  -0.06060521  +0.02615185  +0.99963921  +0.00612519  +0.06042573  -0.00769683  +0.99814302  +2.52286291  +1.43932343  -1.93009067 
     172    1.5710  +0.99641144  -0.04025564  -0.07445586  +0.03975096  +0.99917555  -0.00824849  +0.07472653  +0.00525919  +0.99719018  +4.06353760  +1.81700540  -3.21104574 
     173    1.4634  +0.99676406  -0.00641777  -0.08012647  +0.00695847  +0.99995488  +0.00647064  +0.08008133  -0.00700726  +0.99676371  +2.71694803  +2.08574390  -3.27597380 
     174    1.3974  +0.99773443  -0.00515243  -0.06707831  +0.00576272  +0.99994373  +0.00890784  +0.06702863  -0.00927422  +0.99770796  +1.68011808  +2.24105859  -2.66786051 
     175    1.3562  +0.99279600  +0.00501548  -0.11971190  -0.00199315  +0.99967659  +0.02535311  +0.11980034  -0.02493186  +0.99248493  +4.52973938  +1.44224572  -4.58520842 
     176    1.3904  +0.99902070  +0.00331015  -0.04412133  -0.00200555  +0.99956042  +0.02957996  +0.04419985  -0.02946251  +0.99858814  +0.00993044  +1.24809241  -0.86764765 
     177    1.4576  +0.99890989  +0.00641886  -0.04623642  -0.00582655  +0.99989939  +0.01293380  +0.04631479  -0.01265030  +0.99884677  +0.57390434  +2.01404452  -1.96319902 
     178    1.4635  +0.99825871  +0.02026696  -0.05539624  -0.02027327  +0.99979436  +0.00044819  +0.05539394  +0.00067566  +0.99846435  +0.02840779  +3.59162116  -3.58763957 
     179    1.4034  +0.99779534  -0.03652099  -0.05541411  +0.03672698  +0.99932170  +0.00270315  +0.05527779  -0.00473238  +0.99845982  +2.90613055  +0.72340018  -3.26540327 
     180    1.3863  +0.99767399  -0.01201429  -0.06709895  +0.01226746  +0.99991912  +0.00336222  +0.06705313  -0.00417754  +0.99774069  +2.06676841  +1.93746257  -3.57333159 
     181    1.3753  +0.99782485  -0.01191251  -0.06483566  +0.01089666  +0.99981260  -0.01599925  +0.06501411  +0.01525796  +0.99776769  +1.95756340  +2.90305090  -4.46642542 
     182    1.4719  +0.99894869  +0.03674292  -0.02741319  -0.03697759  +0.99928325  -0.00810293  +0.02709582  +0.00910809  +0.99959135  -2.93147135  +4.75716877  -2.34578705 
     183    1.4428  +0.99815750  +0.03478681  -0.04971418  -0.03380989  +0.99922091  +0.02035862  +0.05038366  -0.01864028  +0.99855596  -1.00284195  +2.07838845  -2.22078252 
     184    1.5126  +0.99928075  +0.02412934  -0.02925294  -0.02332610  +0.99934971  +0.02749565  +0.02989737  -0.02679352  +0.99919379  -1.56025994  +1.04458404  -0.44577530 
     185    1.5795  +0.99771374  -0.02080956  -0.06429841  +0.02070714  +0.99978304  -0.00225890  +0.06433147  +0.00092230  +0.99792814  +2.74690962  +0.56041276  -3.52344012 
     186    1.5037  +0.99863273  -0.00862278  -0.05155913  +0.00784750  +0.99985337  -0.01522026  +0.05168281  +0.01479484  +0.99855393  +0.68864536  +2.42219567  -3.82460928 
     187    1.4432  +0.99639946  -0.06669074  -0.05234933  +0.06535797  +0.99750262  -0.02677299  +0.05400411  +0.02325515  +0.99826986  +3.71350169  +0.24197194  -4.24050093 
     188    1.5149  +0.99715716  -0.03664568  -0.06583859  +0.03599444  +0.99929088  -0.01105097  +0.06619687  +0.00864974  +0.99776912  +3.12455845  +0.97408354  -3.57179189 
     189    1.4695  +0.99473238  -0.05257140  -0.08799842  +0.05238807  +0.99861711  -0.00439313  +0.08810768  -0.00024008  +0.99611092  +5.47054148  -0.61776757  -4.30135918 
     190    1.5962  +0.99544954  -0.04806665  -0.08227903  +0.04521733  +0.99832284  -0.03615097  +0.08387869  +0.03226602  +0.99595344  +4.79954958  +1.66953731  -6.02530384 
     191    1.5612  +0.99589485  -0.05063024  -0.07503386  +0.04948604  +0.99862957  -0.01703186  +0.07579336  +0.01324881  +0.99703550  +4.16522646  +0.35583067  -5.09267330 
     192    1.5407  +0.99529785  -0.07599386  -0.06005968  +0.07557460  +0.99709749  -0.00922504  +0.06058640  +0.00464267  +0.99815214  +4.51034260  -1.57851589  -4.39634800 
     193    1.5195  +0.99754179  -0.05891081  -0.03794609  +0.05753080  +0.99767673  -0.03648778  +0.04000745  +0.03421502  +0.99861342  +2.33724594  +1.61105442  -4.46399069 
     194    1.5082  +0.99901980  -0.03428488  -0.02799970  +0.03315293  +0.99865204  -0.03993715  +0.02933120  +0.03896973  +0.99880981  +0.73935968  +3.49378657  -3.66442418 
     195    1.4512  +0.99868101  -0.02502081  -0.04483508  +0.02428461  +0.99956238  -0.01689034  +0.04523807  +0.01577926  +0.99885160  +1.32013083  +2.87746787  -3.06058335 
     196    1.5767  +0.99928778  -0.02235420  -0.03040007  +0.02169355  +0.99952495  -0.02189101  +0.03087498  +0.02121594  +0.99929804  -0.10177251  +3.48717022  -2.13801980 
     197    1.5961  +0.99530101  -0.09150741  -0.03165880  +0.09029755  +0.99519938  -0.03774233  +0.03496052  +0.03470627  +0.99878585  +3.37442780  +1.13574219  -2.81052923 
     198    1.4278  +0.99825281  -0.05023954  -0.03110101  +0.04834862  +0.99709678  -0.05882569  +0.03396609  +0.05721921  +0.99778366  +0.96311951  +4.16119289  -4.61101532 
     199    1.5477  +0.99498010  -0.07940251  -0.06090873  +0.07690708  +0.99614149  -0.04227840  +0.06403073  +0.03738185  +0.99724752  +4.70542383  +1.81037879  -4.72643995 
     200    1.4931  +0.98935771  -0.12090878  -0.08094674  +0.12001707  +0.99264592  -0.01581037  +0.08226307  +0.00592712  +0.99659300  +7.71083355  -1.67322648  -4.38341665 
     201    1.5340  +0.99476087  -0.08368292  -0.05871987  +0.08327033  +0.99648225  -0.00944264  +0.05930349  +0.00450354  +0.99822986  +4.13169956  -0.56174403  -2.73831224 
     202    1.7152  +0.99058372  -0.11345173  -0.07663282  +0.11289181  +0.99353939  -0.01161346  +0.07745530  +0.00285289  +0.99699175  +6.86745644  -1.64933121  -3.25026917 
     203    1.5169  +0.99169540  -0.10777088  -0.07018264  +0.10937747  +0.99380988  +0.01945455  +0.06765157  -0.02696939  +0.99734443  +6.15697718  -3.05886030  -1.24333656 
     204    1.5182  +0.99612528  -0.02141796  -0.08529738  +0.02654199  +0.99788141  +0.05939889  +0.08384446  -0.06143270  +0.99458337  +3.00891018  -1.12856114  +0.14030136 
     205    1.5231  +0.99423003  -0.04557230  -0.09710731  +0.04759880  +0.99869233  +0.01865410  +0.09613021  -0.02316866  +0.99509907  +4.74481630  +0.30000693  -2.72381854 
     206    1.5451  +0.99457282  -0.04714629  -0.09274779  +0.04766905  +0.99885732  +0.00342782  +0.09248020  -0.00783041  +0.99568373  +4.94103193  +1.16493928  -3.10925245 
     207    1.5366  +0.99498206  -0.07160288  -0.06988360  +0.07139897  +0.99743313  -0.00541457  +0.07009192  +0.00039778  +0.99754047  +4.91724682  +0.72274560  -2.32135439 
     208    1.5972  +0.99388880  -0.06673719  -0.08792722  +0.06725010  +0.99773198  +0.00288070  +0.08753555  -0.00877621  +0.99612272  +5.66081715  +0.69671947  -2.25939107 
     209    1.6866  +0.99352670  -0.03041624  -0.10945141  +0.03376871  +0.99901152  +0.02890719  +0.10846397  -0.03241610  +0.99357170  +4.74817705  +1.12442470  -2.08508706 
     210    1.6433  +0.99697322  -0.02706731  -0.07288197  +0.02633767  +0.99959308  -0.01095400  +0.07314881  +0.00900130  +0.99728042  +2.49870992  +3.60423279  -1.92786920 
     211    1.6405  +0.99641192  -0.07326305  -0.04237661  +0.07133831  +0.99642402  -0.04527764  +0.04554225  +0.04209211  +0.99807525  +3.30547571  +3.41283154  -2.07989740 
     212    1.5709  +0.99228203  -0.06521945  -0.10546489  +0.06282924  +0.99768990  -0.02583290  +0.10690606  +0.01900724  +0.99408746  +6.73542261  +2.92615056  -4.05853081 
     213    1.5838  +0.98773438  -0.11083338  -0.10998518  +0.11535332  +0.99268633  +0.03560181  +0.10523491  -0.04785229  +0.99329543  +9.66705227  -3.03784251  -0.48388788 
     214    1.7074  +0.98642528  -0.11076342  -0.12122986  +0.10421071  +0.99279547  -0.05913837  +0.12690683  +0.04570213  +0.99086124 +10.33053398  +2.86019230  -6.55039644 
     215    1.8284  +0.98683906  -0.11988294  -0.10852071  +0.11723888  +0.99263686  -0.03044878  +0.11137195  +0.01732520  +0.99362779 +10.22327137  +0.39953145  -4.29099894 
     216    1.7747  +0.99010873  -0.10957258  -0.08762740  +0.10903860  +0.99397808  -0.01087191  +0.08829098  +0.00120961  +0.99609399  +8.46610832  -0.89738017  -2.55538893 
     217    1.6537  +0.98702168  -0.12624080  -0.09925454  +0.12815805  +0.99166650  +0.01315807  +0.09676632  -0.02570757  +0.99497509 +10.38368702  -3.51442504  -2.05968451 
     218    1.6966  +0.98416466  -0.14153433  -0.10671449  +0.14548065  +0.98890281  +0.03011049  +0.10126860  -0.04515857  +0.99383366 +11.66110802  -4.77252007  -0.97005659 
     219    1.7432  +0.99072671  -0.12218201  -0.05943163  +0.12115292  +0.99241936  -0.02063489  +0.06150231  +0.01324322  +0.99801910  +7.40042210  -0.55758506  -2.27694559 
     220    1.9051  +0.98462093  -0.17184803  -0.03146257  +0.17204206  +0.98508322  +0.00354736  +0.03038364  -0.00890569  +0.99949867  +8.29587269  -4.01023531  +0.79856068 
     221    1.8394  +0.99299812  -0.11798704  -0.00581552  +0.11773374  +0.99249512  -0.03304762  +0.00967107  +0.03213154  +0.99943686  +3.59295440  +0.49094629  -0.30342501 
     222    1.9584  +0.98978478  -0.13876568  -0.03271317  +0.13792270  +0.99008131  -0.02676323  +0.03610252  +0.02197795  +0.99910641  +5.99990797  -0.14807910  -0.98022091 
     223    1.8762  +0.99041605  -0.12188277  +0.06496621  +0.12664586  +0.98910266  -0.07507797  -0.05510754  +0.08258612  +0.99505913  -1.42207825  +3.12436724  +0.25862521 
     224    1.8514  +0.98315871  -0.18275283  -0.00063632  +0.18165898  +0.97764277  -0.10589925  +0.01997549  +0.10400018  +0.99437666  +5.69880915  +2.49684834  -4.96445465 
     225    1.8010  +0.98771524  -0.14916265  +0.04657369  +0.15199175  +0.98626572  -0.06464095  -0.03629201  +0.07092567  +0.99682117  +1.53348994  +0.87702709  -0.41837960 
     226    1.9211  +0.98649567  -0.16136658  +0.02805640  +0.16322866  +0.98273653  -0.08709367  -0.01351804  +0.09049714  +0.99580497  +2.95604730  +1.93761420  -2.86643648 
     227    1.9068  +0.98770845  -0.14886378  -0.04766164  +0.14570171  +0.98725003  -0.06409692  +0.05659567  +0.05636469  +0.99680489  +6.07248783  +1.23258340  -4.91884089 
