       1    0.0000  +1.00000000  -0.00000000  -0.00000000  +0.00000000  +1.00000000  -0.00000000  -0.00000000  +0.00000000  +1.00000000  +0.00000000  -0.00000000  -0.00000000 
       2    0.7718  +0.99992830  -0.00942878  +0.00738358  +0.00934893  +0.99989825  +0.01077558  -0.00748443  -0.01070578  +0.99991471  +0.34729099  -1.26347113  +0.74854368 
       3    0.8471  +0.99970883  +0.00867647  +0.02251545  -0.00929795  +0.99957454  +0.02764614  -0.02226600  -0.02784743  +0.99936420  -1.68573093  -0.94476938  +2.83145094 
       4    0.9651  +0.99928033  +0.03096286  +0.02191159  -0.03156028  +0.99912441  +0.02746606  -0.02104197  -0.02813782  +0.99938256  -3.39777589  +0.71575183  +2.73877335 
       5    0.9025  +0.99948204  +0.02637780  +0.01843668  -0.02687632  +0.99926496  +0.02733623  -0.01770206  -0.02781758  +0.99945629  -2.74065709  +0.42133924  +2.34802079 
       6    0.8156  +0.99932551  +0.03447381  +0.01265084  -0.03478922  +0.99906617  +0.02562154  -0.01175576  -0.02604438  +0.99959165  -3.34733057  +0.88922089  +1.90408921 
       7    0.9781  +0.99940372  +0.02467389  +0.02415321  -0.02553305  +0.99902791  +0.03593412  -0.02324310  -0.03652940  +0.99906224  -3.28384757  -0.07252403  +3.34235716 
       8    1.1356  +0.99946380  +0.02910257  +0.01500609  -0.02968756  +0.99874413  +0.04035785  -0.01381272  -0.04078170  +0.99907261  -3.06021500  +0.08868918  +2.98523331 
       9    1.0049  +0.99908555  +0.01944584  +0.03807783  -0.02117747  +0.99873465  +0.04561353  -0.03714265  -0.04637821  +0.99823320  -3.40209436  -0.62009984  +5.27474308 
      10    1.0485  +0.99888104  +0.03223600  +0.03460530  -0.03488290  +0.99627775  +0.07882772  -0.03193540  -0.07994665  +0.99628747  -4.31763887  -1.24304664  +7.16543674 
      11    1.0376  +0.99811828  +0.03785525  +0.04823723  -0.04146157  +0.99623799  +0.07609724  -0.04517508  -0.07795404  +0.99593294  -5.25874281  -0.62598616  +7.72034168 
      12    1.1197  +0.99783033  +0.04939441  +0.04352914  -0.05253993  +0.99584669  +0.07435657  -0.03967555  -0.07648226  +0.99628127  -5.90480804  +0.22632481  +6.95139456 
      13    1.0112  +0.99702692  +0.06099781  +0.04708102  -0.06429468  +0.99532896  +0.07201711  -0.04246821  -0.07483006  +0.99629158  -6.97288847  +1.41070282  +7.33748674 
      14    1.1457  +0.99719554  +0.05723675  +0.04821868  -0.06004878  +0.99644774  +0.05904229  -0.04466801  -0.06177218  +0.99709022  -6.65865707  +1.23001242  +6.41932774 
      15    0.9893  +0.99777204  +0.03540134  +0.05654843  -0.03787903  +0.99834108  +0.04336138  -0.05491957  -0.04540677  +0.99745780  -5.46600056  +0.22435591  +6.21787786 
      16    0.9334  +0.99815321  +0.02967514  +0.05300529  -0.03189332  +0.99862915  +0.04150448  -0.05170097  -0.04311835  +0.99773133  -5.09670496  +0.05834855  +5.56253576 
      17    0.9923  +0.99830741  +0.00884178  +0.05748153  -0.01069886  +0.99942803  +0.03208047  -0.05716501  -0.03264116  +0.99783099  -3.83636189  -1.37251306  +5.45405531 
      18    1.1101  +0.99825251  +0.00142507  +0.05907505  -0.00296750  +0.99965674  +0.02603017  -0.05901768  -0.02615999  +0.99791414  -3.59437656  -1.55583835  +5.06660604 
      19    1.1028  +0.99850249  +0.02389363  +0.04921304  -0.02578718  +0.99893701  +0.03820800  -0.04824780  -0.03941985  +0.99805725  -4.57255840  -0.54789227  +5.03372383 
      20    1.0142  +0.99813116  +0.02375025  +0.05630358  -0.02602245  +0.99886185  +0.03997259  -0.05529014  -0.04136305  +0.99761319  -4.83708715  -0.66191071  +5.56823635 
      21    1.0478  +0.99823445  +0.02233774  +0.05503646  -0.02439569  +0.99901712  +0.03700881  -0.05415567  -0.03828612  +0.99779826  -4.53652096  -0.40067413  +5.07046747 
      22    1.2080  +0.99848092  +0.00986543  +0.05420830  -0.01203587  +0.99913281  +0.03985938  -0.05376806  -0.04045128  +0.99773377  -3.48157096  -1.54239595  +5.52594805 
      23    1.0102  +0.99877888  +0.00181504  +0.04937007  -0.00405203  +0.99896753  +0.04524851  -0.04923697  -0.04539330  +0.99775505  -2.86823678  -2.32471681  +5.47316933 
      24    0.9397  +0.99800777  -0.01391659  +0.06153668  +0.01085083  +0.99869645  +0.04987653  -0.06215058  -0.04910944  +0.99685782  -2.15629315  -3.77392149  +6.76164770 
      25    1.0987  +0.99821728  -0.00119087  +0.05967313  -0.00149444  +0.99898875  +0.04493554  -0.05966630  -0.04494461  +0.99720603  -3.26503325  -2.60089183  +6.24248600 
      26    1.0498  +0.99806595  -0.00863975  +0.06156098  +0.00618164  +0.99918020  +0.04000875  -0.06185618  -0.03955082  +0.99730110  -2.53652000  -3.16725707  +5.64413452 
      27    1.0986  +0.99752522  +0.00377446  +0.07020792  -0.00647520  +0.99924606  +0.03828003  -0.07001051  -0.03863991  +0.99679762  -3.62202477  -2.23049331  +6.24790907 
      28    1.1141  +0.99734366  -0.00585431  +0.07260431  +0.00326211  +0.99935472  +0.03577036  -0.07276687  -0.03543850  +0.99671918  -2.97352386  -2.93077612  +6.17114258 
      29    1.2348  +0.99729782  +0.00322531  +0.07339378  -0.00635203  +0.99908018  +0.04240858  -0.07318950  -0.04276019  +0.99640095  -3.59211612  -2.74153352  +6.58114004 
      30    1.2384  +0.99745947  -0.00647024  +0.07094153  +0.00401277  +0.99938869  +0.03472867  -0.07112287  -0.03435577  +0.99687570  -2.87159324  -3.40905285  +6.04121256 
      31    1.1568  +0.99735725  +0.00241309  +0.07261318  -0.00420783  +0.99968916  +0.02457365  -0.07253131  -0.02481425  +0.99705738  -3.52802944  -2.33882880  +5.65482092 
      32    1.0875  +0.99596816  +0.00320953  +0.08964994  -0.00454874  +0.99988103  +0.01473793  -0.08959197  -0.01508631  +0.99586427  -4.16973495  -2.09964108  +6.20471764 
      33    1.0271  +0.99672157  +0.00085410  +0.08090328  -0.00202424  +0.99989450  +0.01438250  -0.08088246  -0.01449911  +0.99661821  -3.51833892  -2.21380782  +5.31588364 
      34    1.0808  +0.99645942  +0.01328226  +0.08301950  -0.01420926  +0.99984300  +0.01058520  -0.08286586  -0.01172737  +0.99649173  -4.55796099  -1.35899544  +5.31647968 
      35    1.1318  +0.99590987  +0.01933659  +0.08825874  -0.02110706  +0.99959338  +0.01917096  -0.08785215  -0.02095544  +0.99591309  -5.46257019  -1.13488889  +6.32672691 
      36    1.1000  +0.99645311  -0.00728023  +0.08383425  +0.00495687  +0.99959874  +0.02788863  -0.08400365  -0.02737416  +0.99608940  -3.49879217  -3.35387897  +6.40865612 
      37    1.0702  +0.99652791  +0.02020590  +0.08077048  -0.02237135  +0.99941170  +0.02599541  -0.08019770  -0.02771210  +0.99639368  -5.00262022  -1.02155125  +6.39983511 
      38    1.0446  +0.99657017  +0.03469989  +0.07512517  -0.03602186  +0.99921787  +0.01631367  -0.07450032  -0.01896387  +0.99704063  -5.96675634  +0.38471603  +5.62136650 
      39    1.1487  +0.99608380  +0.01495128  +0.08714063  -0.01570685  +0.99984473  +0.00799152  -0.08700761  -0.00932893  +0.99616396  -4.91466856  -0.30453441  +6.15400743 
      40    1.1958  +0.99564803  +0.01151031  +0.09247997  -0.01247177  +0.99987394  +0.00982518  -0.09235521  -0.01093581  +0.99566609  -4.81606436  -0.49671763  +6.55026007 
      41    1.0700  +0.99572861  +0.00995852  +0.09178969  -0.01115284  +0.99985957  +0.01250773  -0.09165224  -0.01347802  +0.99569988  -4.30561447  -1.01991105  +6.66286469 
      42    1.0678  +0.99519801  +0.02874125  +0.09356740  -0.03109514  +0.99923313  +0.02379693  -0.09281170  -0.02659215  +0.99532849  -5.75742149  +0.03521938  +7.69924736 
      43    1.0244  +0.99384236  +0.05028624  +0.09873525  -0.05265847  +0.99837965  +0.02156729  -0.09749073  -0.02663373  +0.99488002  -7.33725691  +1.98691046  +8.08136272 
      44    1.0388  +0.99050403  +0.06133972  +0.12304164  -0.06430169  +0.99772513  +0.02024438  -0.12151995  -0.02796393  +0.99219501  -9.24201393  +2.81869888  +9.89169121 
      45    1.0188  +0.98915857  +0.06602612  +0.13117138  -0.06871829  +0.99750620  +0.01609973  -0.12978126  -0.02493906  +0.99122900  -9.97700977  +3.37390447 +10.37180710 
      46    1.0418  +0.98661238  +0.07199367  +0.14633141  -0.07619508  +0.99682057  +0.02330490  -0.14418836  -0.03414264  +0.98896104 -10.67338848  +3.62231708 +12.22058678 
      47    1.0701  +0.98672187  +0.06343906  +0.14951716  -0.06789058  +0.99738318  +0.02485387  -0.14754920  -0.03467467  +0.98844671 -10.33904362  +3.07469249 +12.22500515 
      48    1.1281  +0.98557019  +0.04216670  +0.16393112  -0.04597473  +0.99875218  +0.01950351  -0.16290417  -0.02675877  +0.98627895  -9.53535652  +1.73468494 +12.82970905 
      49    1.1212  +0.98518580  +0.03938993  +0.16690519  -0.04217299  +0.99902362  +0.01316169  -0.16622379  -0.02000560  +0.98588508  -9.51720047  +1.42076778 +12.45221615 
      50    1.0790  +0.98619419  +0.03125210  +0.16261721  -0.03354838  +0.99937212  +0.01139327  -0.16215904  -0.01669152  +0.98662347  -8.87829494  +0.98856509 +12.00790215 
      51    1.1318  +0.98513204  +0.01363404  +0.17125702  -0.01765531  +0.99960250  +0.02197978  -0.17088927  -0.02467658  +0.98498118  -8.02966118  -0.64308995 +12.98227310 
      52    1.1274  +0.98503357  +0.01555061  +0.17165962  -0.02004790  +0.99949890  +0.02449634  -0.17119266  -0.02757113  +0.98485172  -7.98980093  -0.47034761 +13.41145706 
      53    0.9361  +0.98392338  +0.00803687  +0.17841020  -0.01479987  +0.99922007  +0.03660852  -0.17797683  -0.03866043  +0.98327494  -7.33129311  -1.50231051 +14.47191525 
      54    1.0378  +0.98680538  +0.00297576  +0.16188355  -0.00838576  +0.99942851  +0.03274608  -0.16169359  -0.03367152  +0.98626637  -6.27632618  -1.60921633 +13.12366295 
      55    1.0389  +0.98603290  +0.00098801  +0.16654773  -0.00857133  +0.99895829  +0.04481975  -0.16632996  -0.04562128  +0.98501426  -6.70717382  -2.50052595 +14.48782253 
      56    1.0805  +0.98486453  +0.04140173  +0.16830865  -0.04759297  +0.99832428  +0.03291734  -0.16666378  -0.04042943  +0.98518455  -9.23891163  +0.77521008 +14.14981365 
      57    1.1119  +0.98326194  +0.03474975  +0.17885315  -0.04098004  +0.99867094  +0.03125771  -0.17752925  -0.03806392  +0.98337913  -9.07225132  +0.29092485 +14.80195999 
      58    1.1478  +0.98455429  +0.03813559  +0.17087574  -0.04636019  +0.99793750  +0.04440179  -0.16883001  -0.05163781  +0.98429161  -9.53300953  +0.47524762 +15.53864479 
      59    1.1732  +0.98454374  +0.02861966  +0.17278467  -0.03842437  +0.99781919  +0.05366923  -0.17087187  -0.05947885  +0.98349637  -9.14020348  -0.64317000 +16.21682549 
      60    1.2362  +0.98633242  +0.02249843  +0.16322450  -0.03191670  +0.99795896  +0.05531010  -0.16164696  -0.05976373  +0.98503733  -8.42433929  -0.90621084 +15.68408489 
      61    1.3527  +0.98298770  +0.05914663  +0.17388754  -0.06923418  +0.99621671  +0.05252530  -0.17012298  -0.06367069  +0.98336375 -11.26334381  +1.77389431 +16.76043701 
      62    1.3293  +0.98319024  +0.05392902  +0.17443797  -0.06639517  +0.99557936  +0.06643312  -0.17008416  -0.07689823  +0.98242456 -10.83772182  +0.89320618 +17.61227989 
      63    1.2484  +0.98332733  +0.05623967  +0.17292902  -0.06738029  +0.99596721  +0.05923820  -0.16890010  -0.06990255  +0.98315126 -10.77277946  +1.31298447 +17.24313927 
      64    1.1708  +0.98511595  +0.07050568  +0.15676582  -0.07715914  +0.99634081  +0.03676194  -0.15360026  -0.04831069  +0.98695141 -11.16681576  +2.92466116 +14.19727993 
      65    1.2065  +0.98496133  +0.06629985  +0.15954791  -0.07276046  +0.99673539  +0.03499161  -0.15670711  -0.04607416  +0.98656982 -11.25569725  +2.24854112 +14.04714584 
      66    1.3387  +0.98451388  +0.04849172  +0.16846657  -0.05528580  +0.99782598  +0.03587260  -0.16636078  -0.04463089  +0.98505437 -10.34371853  +0.99547869 +14.70026875 
      67    1.0940  +0.98452836  +0.05225622  +0.16725196  -0.05920369  +0.99756652  +0.03682261  -0.16492075  -0.04615484  +0.98522633 -10.44675732  +1.35886562 +14.73152256 
      68    1.2336  +0.98834836  +0.02588367  +0.14999199  -0.03098267  +0.99901527  +0.03175830  -0.14902227  -0.03603541  +0.98817700  -7.66429377  -0.53084630 +12.74075603 
      69    1.0695  +0.98886478  +0.01000151  +0.14848025  -0.01615239  +0.99905795  +0.04027768  -0.14793755  -0.04222749  +0.98809481  -6.37821579  -2.24462414 +12.96775532 
      70    1.0457  +0.98839754  +0.00837165  +0.15165842  -0.01483166  +0.99902779  +0.04151474  -0.15116343  -0.04328241  +0.98756075  -6.73273945  -2.10769129 +13.16155052 
      71    1.0175  +0.98695219  +0.02407547  +0.15920359  -0.03133247  +0.99857366  +0.04323095  -0.15793571  -0.04765512  +0.98629880  -8.18745422  -0.79820621 +14.02881908 
      72    1.0486  +0.98464167  +0.02805589  +0.17231858  -0.03275269  +0.99916381  +0.02447346  -0.17148787  -0.02974148  +0.98473722  -8.55101871  -0.18657348 +13.51618385 
      73    0.9264  +0.98700410  +0.02965019  +0.15793595  -0.03764660  +0.99814332  +0.04788150  -0.15622301  -0.05320499  +0.98628777  -8.23525143  -1.18578291 +13.73860836 
      74    1.0273  +0.98855191  +0.01627049  +0.15000130  -0.02466700  +0.99822068  +0.05428669  -0.14885113  -0.05736529  +0.98719430  -7.01188564  -2.53581452 +13.72519684 
      75    1.0860  +0.99031824  +0.02811254  +0.13593943  -0.03544378  +0.99802762  +0.05181370  -0.13421468  -0.05613025  +0.98936129  -7.59536219  -1.43616331 +12.71235275 
      76    1.0424  +0.99108756  +0.01129744  +0.13273229  -0.01820200  +0.99853683  +0.05092103  -0.13196281  -0.05288320  +0.98984301  -6.28906298  -2.16349864 +12.34138775 
      77    1.0646  +0.99127728  -0.00121572  +0.13178740  -0.00319388  +0.99944216  +0.03324347  -0.13175431  -0.03337441  +0.99072039  -5.55550337  -2.53517795 +11.22943306 
      78    1.1807  +0.99076587  -0.00360345  +0.13553581  -0.00111089  +0.99939746  +0.03469128  -0.13557915  -0.03452150  +0.99016494  -5.28698158  -2.83595848 +11.41096401 
      79    1.1621  +0.99104416  -0.03563106  +0.12869318  +0.03131056  +0.99888116  +0.03544128  -0.12981200  -0.03109442  +0.99105096  -3.13710070  -4.63369942 +10.27495670 
      80    1.0366  +0.99123704  -0.03721378  +0.12674473  +0.03336524  +0.99891943  +0.03235406  -0.12781179  -0.02784167  +0.99140757  -3.05955124  -4.78740072  +9.54499626 
      81    1.1496  +0.99123192  -0.04201791  +0.12527488  +0.03908502  +0.99890327  +0.02577941  -0.12622069  -0.02065700  +0.99178708  -2.68249869  -4.63641357  +8.99394035 
      82    1.0473  +0.99108005  -0.04526559  +0.12534486  +0.04252482  +0.99879605  +0.02445721  -0.12630101  -0.01890878  +0.99181175  -3.00321150  -4.98099852  +9.04030418 
      83    1.2153  +0.99235445  -0.02453165  +0.12095800  +0.02291133  +0.99962842  +0.01476860  -0.12127535  -0.01188437  +0.99254775  -4.27810478  -3.33111548  +8.25440407 
      84    1.1494  +0.99381512  -0.02336382  +0.10856164  +0.02205385  +0.99966896  +0.01325175  -0.10883531  -0.01077559  +0.99400139  -3.63007760  -3.50001597  +7.33019114 
      85    1.0897  +0.99310106  -0.02208596  +0.11516305  +0.02164264  +0.99975276  +0.00509856  -0.11524719  -0.00257096  +0.99333352  -3.74331951  -3.45746112  +7.16547489 
      86    1.0066  +0.99484372  -0.02234583  +0.09892729  +0.02087931  +0.99965662  +0.01583488  -0.09924716  -0.01368770  +0.99496865  -3.44649005  -4.10271072  +6.78579092 
      87    1.0224  +0.99465495  -0.03477113  +0.09722413  +0.03446063  +0.99939418  +0.00487151  -0.09733462  -0.00149506  +0.99525058  -2.29904532  -4.03349257  +6.11984158 
      88    1.1759  +0.99533051  -0.04618068  +0.08476143  +0.04462954  +0.99880129  +0.02010553  -0.08558831  -0.01622878  +0.99619842  -0.42976251  -5.60077143  +6.71347952 
      89    1.0626  +0.99324590  -0.08449617  +0.07951692  +0.08191416  +0.99601769  +0.03519725  -0.08217429  -0.02844596  +0.99621195  +2.25738621  -8.36526299  +6.91880131 
      90    1.1109  +0.99252838  -0.10396089  +0.06387115  +0.10213062  +0.99427873  +0.03129051  -0.06675872  -0.02453352  +0.99746746  +4.68346596  -9.63798714  +5.57072639 
      91    1.1728  +0.99326193  -0.10108459  +0.05668003  +0.09962633  +0.99463099  +0.02799618  -0.05920570  -0.02216071  +0.99799979  +4.70079231  -9.67928696  +4.91998625 
      92    1.2291  +0.99390703  -0.09365562  +0.05811565  +0.09173851  +0.99517387  +0.03482829  -0.06109704  -0.02928464  +0.99770212  +4.22266817  -9.79517365  +5.69335461 
      93    1.2010  +0.99548411  -0.08069307  +0.05000012  +0.07903272  +0.99628031  +0.03434182  -0.05258529  -0.03023509  +0.99815863  +4.04751205  -9.04109097  +5.54304934 
      94    1.1066  +0.99454004  -0.08883846  +0.05475271  +0.08767940  +0.99587798  +0.02322423  -0.05659022  -0.01829674  +0.99822980  +4.24511099  -9.15527153  +4.83539867 
      95    1.1915  +0.99546874  -0.06821902  +0.06624278  +0.06661916  +0.99743783  +0.02606996  -0.06785153  -0.02153880  +0.99746293  +2.29667401  -7.77119303  +5.87425327 
      96    1.0356  +0.99386710  -0.07653000  +0.07982090  +0.07308295  +0.99629873  +0.04525136  -0.08298855  -0.03914029  +0.99578160  +2.27320695  -8.89504719  +8.27439308 
      97    1.1180  +0.99509782  -0.06488052  +0.07463779  +0.06102573  +0.99673772  +0.05281883  -0.07782122  -0.04800508  +0.99581093  +1.66369545  -8.61827755  +8.71999741 
      98    1.0841  +0.99686772  -0.04771628  +0.06307035  +0.04441121  +0.99761677  +0.05280542  -0.06543972  -0.04983899  +0.99661112  +0.93113720  -7.81244612  +7.88773060 
      99    0.9953  +0.99730313  -0.02912954  +0.06736442  +0.02620116  +0.99868995  +0.04395320  -0.06855650  -0.04206964  +0.99675983  -0.62682790  -6.30326891  +7.61729574 
     100    1.1121  +0.99702358  -0.03083878  +0.07066056  +0.02883511  +0.99915749  +0.02920323  -0.07150162  -0.02707881  +0.99707282  -0.82702357  -5.81798220  +6.76778698 
     101    1.1680  +0.99526769  -0.05757568  +0.07827676  +0.05573881  +0.99812090  +0.02545395  -0.07959520  -0.02097044  +0.99660665  +0.18705952  -7.16970348  +6.71289349 
     102    1.0992  +0.99627960  -0.04429522  +0.07392514  +0.04265696  +0.99881113  +0.02359546  -0.07488243  -0.02035426  +0.99698460  -0.59658027  -6.45658684  +6.39873171 
     103    1.0908  +0.99728566  -0.02861392  +0.06784246  +0.02722330  +0.99940169  +0.02133459  -0.06841233  -0.01942979  +0.99746794  -1.39916933  -5.63250828  +5.61739302 
     104    1.0476  +0.99751121  -0.01251432  +0.06938823  +0.01099103  +0.99969107  +0.02229161  -0.06964576  -0.02147348  +0.99734062  -2.73740458  -5.05785131  +5.87061167 
     105    1.0585  +0.99589634  -0.04393544  +0.07912098  +0.04341500  +0.99902278  +0.00828685  -0.07940774  -0.00481780  +0.99683058  -1.19779372  -6.11312580  +5.07493734 
     106    1.0819  +0.99694711  -0.05075086  +0.05933627  +0.04921416  +0.99842107  +0.02707979  -0.06061691  -0.02407693  +0.99787068  +0.43549830  -7.12811899  +4.97311163 
     107    1.1082  +0.99597692  -0.06049304  +0.06610999  +0.05814826  +0.99762815  +0.03683620  -0.06818151  -0.03284382  +0.99713218  +0.52113760  -7.51811123  +6.52268410 
     108    1.1586  +0.99499619  -0.06696633  +0.07414888  +0.06501854  +0.99748039  +0.02838059  -0.07586259  -0.02341752  +0.99684328  +0.53598046  -7.33712769  +6.65309238 
     109    1.1796  +0.99433225  -0.08073757  +0.06917202  +0.07849447  +0.99631536  +0.03455864  -0.07170733  -0.02893315  +0.99700600  +1.60043359  -8.14543056  +6.63744211 
     110    1.1962  +0.99320865  -0.08949483  +0.07434564  +0.08846773  +0.99593395  +0.01700197  -0.07556493  -0.01030931  +0.99708760  +2.35150647  -7.75140429  +5.71554232 
     111    1.1603  +0.99420154  -0.07739325  +0.07465616  +0.07693124  +0.99699533  +0.00904883  -0.07513216  -0.00325297  +0.99716830  +1.28418422  -6.58776236  +5.35353756 
     112    1.1456  +0.99551833  -0.04871477  +0.08105645  +0.04702558  +0.99863750  +0.02262091  -0.08204798  -0.01870780  +0.99645281  -0.90481395  -5.60259914  +7.15042353 
     113    1.1108  +0.99587846  -0.03860242  +0.08207318  +0.03640370  +0.99894148  +0.02812007  -0.08307181  -0.02501641  +0.99622953  -1.76312709  -5.14990568  +7.53023481 
     114    1.1673  +0.99523246  -0.05012840  +0.08366292  +0.04933367  +0.99871570  +0.01154097  -0.08413401  -0.00735855  +0.99642730  -0.84758019  -5.70362473  +6.59150696 
     115    1.0783  +0.99491721  -0.04005714  +0.09238594  +0.03853278  +0.99909109  +0.01822576  -0.09303204  -0.01457323  +0.99555647  -1.90526223  -5.30242538  +7.76511812 
     116    1.1168  +0.99555457  -0.03263653  +0.08835120  +0.03165675  +0.99942100  +0.01246848  -0.08870698  -0.00961614  +0.99601132  -1.89337230  -5.05861473  +7.04227734 
     117    1.0393  +0.99430966  -0.03105506  +0.10190105  +0.03112988  +0.99951500  +0.00085620  -0.10187821  +0.00232084  +0.99479419  -2.52178907  -4.17631340  +6.95400953 
     118    1.1225  +0.99588084  -0.01783987  +0.08889947  +0.01884999  +0.99976683  -0.01053594  -0.08869079  +0.01216830  +0.99598485  -2.45361757  -3.06735492  +5.13253689 
     119    1.1659  +0.99598694  -0.04685852  +0.07625170  +0.04691151  +0.99889845  +0.00109701  -0.07621911  +0.00248448  +0.99708802  +0.05336944  -5.00476599  +5.35699177 
     120    1.2502  +0.99211997  -0.06937844  +0.10432918  +0.06977391  +0.99756283  -0.00014131  -0.10406511  +0.00741965  +0.99454284  +0.20543167  -6.73506546  +7.03008413 
     121    1.2479  +0.99282736  -0.06184791  +0.10231646  +0.06254719  +0.99803537  -0.00363738  -0.10189048  +0.01001090  +0.99474525  -0.45170444  -6.00637150  +6.76444864 
     122    1.1239  +0.99455643  -0.05936074  +0.08563760  +0.06030336  +0.99814427  -0.00846022  -0.08497647  +0.01357840  +0.99629045  +0.31156284  -5.63226700  +5.33373070 
     123    1.1896  +0.99775350  -0.04567958  +0.04900382  +0.04647649  +0.99880302  -0.01524752  -0.04824866  +0.01749079  +0.99868220  +1.12077022  -4.34623289  +2.70099998 
     124    1.1490  +0.99883425  -0.03505813  +0.03318197  +0.03560917  +0.99923509  -0.01616388  -0.03258992  +0.01732662  +0.99931860  +1.29643679  -3.63197136  +1.54358840 
     125    1.2003  +0.99845898  -0.03089422  +0.04610054  +0.03144595  +0.99944168  -0.01129093  -0.04572598  +0.01272321  +0.99887300  +0.28386995  -3.59400082  +2.70296860 
     126    1.2675  +0.99597532  -0.03799037  +0.08117808  +0.04041586  +0.99877793  -0.02844681  -0.07999817  +0.03161320  +0.99629360  -0.78983450  -2.72261214  +3.68615508 
     127    1.1188  +0.99591964  -0.04029474  +0.08074884  +0.04240617  +0.99879742  -0.02460528  -0.07966027  +0.02792913  +0.99643075  -0.60949856  -3.01450253  +3.81738091 
     128    1.1938  +0.99670476  -0.00984531  +0.08051512  +0.01018409  +0.99994093  -0.00379811  -0.08047297  +0.00460556  +0.99674612  -2.44985008  -2.40699744  +5.26916361 
     129    1.3394  +0.99562329  -0.00546633  +0.09329730  +0.00547630  +0.99998498  +0.00014911  -0.09329671  +0.00036247  +0.99563831  -3.61294556  -2.37268567  +6.40437889 
     130    1.1267  +0.99763691  -0.01363184  +0.06734050  +0.01344105  +0.99990427  +0.00328542  -0.06737884  -0.00237252  +0.99772465  -2.24634862  -2.93562365  +4.59327984 
     131    1.2169  +0.99635911  -0.02290074  +0.08212253  +0.02058087  +0.99936795  +0.02898502  -0.08273441  -0.02718933  +0.99620068  -2.63535786  -4.65414000  +6.59661245 
     132    1.3325  +0.99470192  -0.05481913  +0.08696535  +0.05583978  +0.99839598  -0.00934540  -0.08631355  +0.01415201  +0.99616748  -0.90645546  -4.37792969  +4.46106148 
     133    1.3198  +0.99507886  -0.04236138  +0.08957411  +0.04260532  +0.99909163  -0.00081222  -0.08945834  +0.00462455  +0.99597985  -1.75945890  -4.03227806  +5.56226301 
     134    1.2702  +0.99430108  -0.03656803  +0.10014049  +0.03907568  +0.99896699  -0.02319468  -0.09918886  +0.02697555  +0.99470294  -2.49822307  -2.91023064  +4.18279362 
     135    1.2144  +0.99396157  -0.07217208  +0.08265346  +0.07456728  +0.99687004  -0.02626417  -0.08049921  +0.03226881  +0.99623221  +0.73191565  -4.78783226  +2.75782633 
     136    1.0927  +0.99507457  -0.06857588  +0.07158182  +0.06933021  +0.99756086  -0.00810414  -0.07085147  +0.01302700  +0.99740183  +0.87970370  -5.59221601  +2.94078398 
     137    1.0910  +0.99411601  -0.08158933  +0.07124997  +0.08232249  +0.99657822  -0.00740995  -0.07040159  +0.01323182  +0.99743098  +1.93708313  -6.38414907  +3.36418056 
     138    1.0959  +0.99237877  -0.09068669  +0.08342817  +0.08886202  +0.99572158  +0.02533812  -0.08536907  -0.01773142  +0.99619162  +1.94353437  -8.25417995  +6.11836338 
     139    1.1522  +0.99399239  -0.07889835  +0.07585654  +0.07738359  +0.99674273  +0.02270937  -0.07740119  -0.01670289  +0.99686009  +1.58390582  -7.57280827  +5.60437059 
     140    1.0819  +0.99165380  -0.08720013  +0.09496757  +0.08597606  +0.99615365  +0.01691358  -0.09607715  -0.00860748  +0.99533665  +0.73306221  -8.23655128  +5.99133539 
     141    1.1220  +0.98892486  -0.10561779  +0.10427109  +0.10687489  +0.99425107  -0.00652758  -0.10298222  +0.01759925  +0.99452752  +1.55040228  -8.12574387  +4.97456217 
     142    1.0855  +0.99009228  -0.12437669  +0.06517478  +0.12362907  +0.99220902  +0.01539696  -0.06658203  -0.00718691  +0.99775505  +5.27356339 -10.36788654  +4.48361635 
     143    1.0204  +0.99313581  -0.11012314  +0.03942277  +0.10976721  +0.99389547  +0.01108881  -0.04040324  -0.00668537  +0.99916106  +5.76660633  -9.33417511  +2.83379650 
     144    1.0656  +0.99580187  -0.07650449  +0.05025634  +0.07542940  +0.99688691  +0.02295413  -0.05185598  -0.01906696  +0.99847251  +3.09868455  -7.98847246  +4.10155535 
     145    1.0622  +0.99047917  -0.12306468  +0.06169321  +0.12249939  +0.99238503  +0.01287743  -0.06280818  -0.00519745  +0.99801207  +5.54888678 -10.21153259  +3.91901088 
     146    1.1817  +0.98364973  -0.16436638  +0.07359945  +0.16221954  +0.98615855  +0.03429501  -0.07821768  -0.02179501  +0.99669802  +7.80060863 -13.47819805  +5.82560492 
     147    1.1030  +0.98794103  -0.12524012  +0.09103557  +0.12214895  +0.99175346  +0.03879094  -0.09514303  -0.02720326  +0.99509186  +4.45263100 -11.91113949  +7.15960598 
     148    1.1140  +0.99025810  -0.12571935  +0.05986277  +0.12406603  +0.99180228  +0.03059242  -0.06321809  -0.02286745  +0.99773771  +5.90569115 -11.67668247  +4.69569302 
     149    1.0746  +0.98946095  -0.13272268  +0.05789444  +0.12996535  +0.99030417  +0.04905779  -0.06384419  -0.04101649  +0.99711663  +6.52866697 -12.61635590  +5.95677280 
     150    1.1033  +0.99062777  -0.11951027  +0.06613603  +0.11681505  +0.99221224  +0.04323396  -0.07078788  -0.03510308  +0.99687356  +5.02243757 -11.99503803  +5.97564077 
     151    1.2226  +0.99225384  -0.10111257  +0.07217000  +0.09826955  +0.99427646  +0.04192199  -0.07599577  -0.03450514  +0.99651092  +3.22845793 -10.96222591  +6.36635351 
     152    1.2400  +0.98777819  -0.13865526  +0.07119667  +0.13582601  +0.98979157  +0.04317392  -0.07645615  -0.03297589  +0.99652749  +5.49127054 -12.93916798  +6.22367096 
     153    1.1040  +0.98390394  -0.15397985  +0.09068191  +0.15168554  +0.98791993  +0.03171268  -0.09446958  -0.01744710  +0.99537486  +5.62570190 -13.36425781  +6.52327967 
     154    1.1530  +0.98250258  -0.17020470  +0.07562456  +0.16669223  +0.98470974  +0.05060105  -0.08308077  -0.03710964  +0.99585164  +7.28343725 -15.34576511  +6.70527935 
     155    1.0955  +0.98016250  -0.18385860  +0.07400972  +0.18071100  +0.98240077  +0.04724627  -0.08139385  -0.03293465  +0.99613774  +8.36999798 -15.64433479  +6.41483688 
     156    1.0878  +0.97842795  -0.19614592  +0.06485004  +0.19473146  +0.98047048  +0.02751866  -0.06898122  -0.01429668  +0.99751550  +9.57729912 -15.36486340  +4.46549654 
     157    1.0433  +0.97810072  -0.19049129  +0.08385736  +0.18771821  +0.98141342  +0.03986995  -0.08989362  -0.02325527  +0.99567986  +8.50966454 -15.95450497  +5.96365023 
     158    1.1405  +0.97626698  -0.19929317  +0.08476471  +0.19439951  +0.97892255  +0.06260571  -0.09545498  -0.04464167  +0.99443221  +9.15284443 -17.41557503  +7.44963551 
     159    1.2258  +0.96563244  -0.24509101  +0.08651250  +0.24097677  +0.96895254  +0.05532818  -0.09738694  -0.03257918  +0.99471319 +12.65715122 -19.23652077  +6.28421974 
     160    1.2679  +0.96876973  -0.23537946  +0.07798546  +0.23543559  +0.97185189  +0.00860528  -0.07781582  +0.01002401  +0.99691737 +12.76285458 -16.61250687  +2.82687950 
     161    1.2539  +0.97127867  -0.22006276  +0.09049907  +0.21926223  +0.97548443  +0.01881880  -0.09242176  +0.00156473  +0.99571872 +11.22954845 -16.61659241  +4.24599457 
     162    1.2438  +0.97500277  -0.19529723  +0.10596485  +0.19175580  +0.98051167  +0.04273840  -0.11224646  -0.02135069  +0.99345100  +8.36852169 -16.27168655  +7.22356558 
     163    1.1198  +0.97648525  -0.17978179  +0.11897516  +0.17802005  +0.98369998  +0.02536158  -0.12159542  -0.00358525  +0.99257326  +6.59848833 -14.24093246  +6.64114904 
     164    1.1566  +0.97350186  -0.19362524  +0.12166937  +0.19153406  +0.98106432  +0.02876699  -0.12493550  -0.00470089  +0.99215370  +7.42792559 -15.21767807  +7.03495169 
     165    1.1122  +0.96787912  -0.23150706  +0.09805375  +0.23050976  +0.97283167  +0.02153739  -0.10037585  +0.00175675  +0.99494803 +11.23575020 -16.91897011  +4.77150726 
     166    1.1973  +0.97779858  -0.18289547  +0.10226987  +0.18337373  +0.98303163  +0.00478588  -0.10140983  +0.01407398  +0.99474519  +7.48132515 -13.69228268  +4.45401764 
     167    1.1675  +0.97864366  -0.18561615  +0.08833598  +0.18488362  +0.98262233  +0.01647560  -0.08985904  +0.00020814  +0.99595445  +8.42525578 -14.17414856  +4.79998636 
     168    1.1460  +0.98420250  -0.16249181  +0.07029854  +0.15879098  +0.98575640  +0.05540496  -0.07830009  -0.04336693  +0.99598616  +7.79064465 -15.07533360  +6.84503889 
     169    1.1318  +0.97562039  -0.20799536  +0.07001981  +0.20548038  +0.97778243  +0.04146473  -0.07708862  -0.02606614  +0.99668348 +10.77639484 -16.36655807  +5.55749750 
     170    1.1303  +0.97217900  -0.22180243  +0.07531089  +0.22025965  +0.97503030  +0.02831301  -0.07971030  -0.01093736  +0.99675804 +11.09236336 -16.01251793  +4.77807760 
     171    1.0927  +0.96645337  -0.24130696  +0.08797044  +0.23513786  +0.96906817  +0.07494690  -0.10333456  -0.05174750  +0.99329966 +11.74239159 -19.22773361  +8.65579224 
     172    1.0267  +0.97120851  -0.23099078  +0.05828608  +0.22583036  +0.97058135  +0.08350161  -0.07585949  -0.06793471  +0.99480158 +12.30117226 -18.82549095  +8.45339680 
     173    1.0746  +0.98103613  -0.19101787  +0.03286847  +0.18562199  +0.97472107  +0.12435168  -0.05579099  -0.11589238  +0.99169368 +10.96248817 -19.07410622 +10.29364586 
     174    1.1009  +0.98090696  -0.18792056  +0.05007442  +0.18147463  +0.97702932  +0.11171713  -0.06991812  -0.10049687  +0.99247760  +9.62995052 -18.07898712 +10.25727844 
     175    0.9968  +0.98202616  -0.18236302  +0.04866629  +0.17801017  +0.98057336  +0.08239128  -0.06274599  -0.07224730  +0.99541110  +9.31127167 -16.76609039  +7.85561752 
     176    1.0682  +0.98266351  -0.17923394  +0.04740919  +0.17535821  +0.98155564  +0.07614507  -0.06018253  -0.06651139  +0.99596900  +8.96621799 -16.02980423  +7.23846531 
     177    1.0719  +0.98462009  -0.16941409  +0.04268586  +0.16772979  +0.98500562  +0.04038105  -0.04888693  -0.03260031  +0.99827218  +8.47502422 -14.03895473  +4.55908537 
     178    1.0695  +0.98567456  -0.15721130  +0.06107558  +0.15372117  +0.98639929  +0.05819144  -0.06939326  -0.04796921  +0.99643540  +6.54202890 -14.32843590  +6.81805801 
     179    1.0868  +0.98661906  -0.14022850  +0.08317953  +0.13848069  +0.99001181  +0.02645103  -0.08605791  -0.01457833  +0.99618345  +4.11413622 -11.54120827  +6.04918242 
     180    1.0733  +0.99239743  -0.11740112  +0.03693682  +0.11539455  +0.99193454  +0.05244016  -0.04279544  -0.04777918  +0.99794072  +4.99899817 -11.68974876  +5.54290295 
     181    1.1177  +0.98686719  -0.16104124  +0.01260378  +0.16031912  +0.98601115  +0.04560434  -0.01977165  -0.04298480  +0.99888009  +8.78065109 -13.22736073  +4.10855579 
     182    1.1947  +0.99531424  -0.09082290  +0.03317792  +0.08924704  +0.99493569  +0.04623828  -0.03720939  -0.04306059  +0.99837929  +3.19910455  -9.81597805  +5.10594893 
     183    1.2031  +0.99463832  -0.09340956  +0.04437575  +0.09034125  +0.99367213  +0.06673930  -0.05032904  -0.06237251  +0.99678314  +2.55823469 -10.85515499  +7.19280291 
     184    1.2526  +0.99815303  -0.06004982  +0.00919576  +0.05885723  +0.99340224  +0.09842650  -0.01504558  -0.09770346  +0.99510181  +2.29130244 -11.29406738  +6.86969995 
     185    1.2676  +0.99544191  -0.09484173  +0.01002069  +0.09363936  +0.99189562  +0.08587673  -0.01808417  -0.08454696  +0.99625540  +4.41452074 -12.51463223  +5.36592627 
     186    1.1312  +0.99567616  -0.09177632  -0.01435648  +0.09266463  +0.99211752  +0.08435706  +0.00650134  -0.08532265  +0.99633217  +5.33187771 -12.21670628  +4.22432804 
     187    1.1553  +0.99346018  -0.11367705  +0.01069853  +0.11123510  +0.98472553  +0.13394925  -0.02576207  -0.13188319  +0.99093044  +5.31183624 -15.53388405  +9.34987831 
     188    1.2347  +0.99809432  -0.06050402  +0.01212630  +0.05913986  +0.99401015  +0.09190384  -0.01761421  -0.09101155  +0.99569404  +1.95304132 -11.06775570  +5.92560148 
     189    1.2728  +0.99528801  -0.09217808  +0.03008265  +0.08945765  +0.99262267  +0.08183870  -0.03740446  -0.07876197  +0.99619150  +2.90359998 -11.98762035  +6.21752548 
     190    1.1811  +0.99708939  -0.07591060  +0.00709586  +0.07559349  +0.99643219  +0.03752976  -0.00991945  -0.03688413  +0.99927032  +2.90859437  -9.26036835  +1.70632184 
     191    1.0939  +0.99539322  -0.07410084  -0.06083965  +0.07766337  +0.99526525  +0.05844225  +0.05622097  -0.06289803  +0.99643517  +6.41555214 -10.58476353  -0.73780662 
     192    1.1788  +0.99679404  -0.06132902  -0.05138415  +0.06515257  +0.99494821  +0.07637572  +0.04644053  -0.07947867  +0.99575418  +5.50222540 -11.02546024  +0.77265918 
     193    1.2287  +0.99901158  -0.04360633  +0.00861977  +0.04326098  +0.99838394  +0.03685027  -0.01021274  -0.03644095  +0.99928361  +0.47181943  -7.53762770  +1.44002116 
     194    1.2595  +0.99377531  -0.10421717  -0.03936255  +0.10605435  +0.99320650  +0.04788860  +0.03410432  -0.05176508  +0.99807680  +7.07514286 -11.30580330  +0.25065270 
     195    1.2224  +0.99969018  -0.00767490  -0.02367881  +0.00834383  +0.99956518  +0.02828183  +0.02345145  -0.02847064  +0.99931949  -0.01420294  -4.74621964  -0.33500808 
     196    1.2842  +0.99879038  -0.04889024  +0.00524947  +0.04878679  +0.99864161  +0.01829808  -0.00613693  -0.01801984  +0.99981880  +0.72357738  -6.31603479  +0.48577017 
     197    1.3570  +0.99778986  -0.05868598  -0.03116606  +0.05896983  +0.99822551  +0.00826710  +0.03062559  -0.01008669  +0.99948001  +3.42877555  -6.61031294  -2.30263805 
     198    1.3351  +0.99835634  -0.03482050  -0.04552063  +0.03440493  +0.99935913  -0.00988132  +0.04583553  +0.00829895  +0.99891454  +3.08809710  -4.35264730  -4.08460426 
     199    1.3184  +0.99933738  -0.00361674  -0.03621762  +0.00311220  +0.99989748  -0.01397751  +0.03626446  +0.01385553  +0.99924618  +0.13424715  -2.03500986  -3.86180568 
     200    1.1943  +0.99959356  -0.02398092  -0.01541397  +0.02393068  +0.99970770  -0.00343597  +0.01549186  +0.00306571  +0.99987531  +0.39402065  -3.74954629  -2.31598163 
     201    1.1525  +0.99995482  -0.00934152  -0.00176642  +0.00937936  +0.99969637  +0.02278497  +0.00155303  -0.02280051  +0.99973881  -1.46307242  -4.40126753  -0.33666012 
     202    1.1139  +0.99882519  -0.02967019  -0.03831295  +0.03061514  +0.99923539  +0.02431723  +0.03756215  -0.02546161  +0.99896985  +1.66633213  -5.59216785  -2.29835749 
     203    1.1754  +0.99996191  +0.00872353  +0.00017303  -0.00872383  +0.99996030  +0.00182611  -0.00015709  -0.00182755  +0.99999833  -2.65027165  -1.73286366  -1.47727621 
     204    1.3046  +0.99883389  +0.00086884  -0.04827140  -0.00074697  +0.99999648  +0.00254255  +0.04827343  -0.00250352  +0.99883103  +0.80764616  -2.26376057  -3.50712752 
     205    1.3076  +0.99749213  +0.03565233  -0.06114169  -0.03493173  +0.99930751  +0.01281476  +0.06155623  -0.01064683  +0.99804682  -0.41650692  -0.50539601  -3.53095365 
     206    1.1859  +0.99841100  +0.03915779  -0.04052267  -0.03983105  +0.99907923  -0.01594229  +0.03986109  +0.01753102  +0.99905145  -1.73720360  +1.52586186  -3.58000994 
     207    1.2930  +0.99874806  -0.02508938  -0.04327622  +0.02780115  +0.99761087  +0.06324267  +0.04158611  -0.06436662  +0.99705946  +1.86493134  -6.71652412  +1.31453288 
     208    1.3529  +0.99908477  -0.03327242  -0.02688076  +0.03547781  +0.99564356  +0.08622807  +0.02389464  -0.08710282  +0.99591273  +1.50071657  -8.51146984  +3.38539743 
     209    1.4596  +0.99619341  -0.07519399  -0.04409732  +0.07958844  +0.99093342  +0.10824326  +0.03555826  -0.11134086  +0.99314594  +5.35600376 -12.26188374  +3.75263929 
     210    1.3838  +0.99734980  -0.06907211  -0.02285718  +0.07096272  +0.99283534  +0.09613682  +0.01605305  -0.09750404  +0.99510562  +3.73973441 -11.08167362  +4.07667255 
     211    1.3868  +0.99626905  -0.04270985  -0.07499198  +0.04698898  +0.99731004  +0.05625542  +0.07238760  -0.05956933  +0.99559605  +5.43173456  -7.74897289  -1.26718342 
     212    1.4051  +0.99537778  +0.06319781  -0.07231277  -0.05609547  +0.99376523  +0.09635358  +0.07795125  -0.09185179  +0.99271691  -0.84175617  -3.67652512  +0.80797577 
     213    1.4363  +0.99461937  +0.09828837  -0.03273756  -0.09626701  +0.99363714  +0.05846310  +0.03827550  -0.05499698  +0.99775261  -5.16104698  +0.89487207  +0.95473295 
     214    1.3236  +0.99969620  +0.02415566  +0.00489791  -0.02454632  +0.99371076  +0.10925395  -0.00222800  -0.10934099  +0.99400181  -3.67656183  -6.02570391  +5.86219692 
     215    1.1606  +0.99873531  +0.02248864  -0.04496771  -0.02025765  +0.99857026  +0.04946793  +0.04601589  -0.04849443  +0.99776292  -1.00807309  -3.07562351  -0.58580935 
     216    1.2623  +0.99887198  +0.00860610  -0.04669742  -0.00555138  +0.99785972  +0.06515487  +0.04715820  -0.06482214  +0.99678195  +0.30364650  -5.26565027  +0.24481861 
     217    1.2751  +0.99865568  +0.00791401  -0.05122672  -0.00850694  +0.99989921  -0.01136696  +0.05113160  +0.01178746  +0.99862236  +0.59892964  -1.02883995  -4.25145578 
     218    1.1943  +0.99863183  +0.01860926  -0.04886886  -0.02143401  +0.99809057  -0.05792977  +0.04769752  +0.05889797  +0.99712384  -0.06973236  +2.22150326  -6.68030310 
     219    1.2611  +0.99900925  +0.00019715  -0.04450207  -0.00086176  +0.99988836  -0.01491567  +0.04449417  +0.01493925  +0.99889791  +0.54245567  -1.45220089  -3.98105621 
     220    1.3703  +0.99748451  +0.05818636  -0.04048523  -0.05747681  +0.99817586  +0.01847563  +0.04148641  -0.01610220  +0.99900931  -3.55958319  +0.39605251  -2.23032141 
     221    1.2398  +0.99935144  -0.01930688  -0.03039651  +0.02080124  +0.99855059  +0.04963910  +0.02939408  -0.05023919  +0.99830455  -0.06235696  -5.87831545  +0.28621346 
     222    1.3103  +0.99599802  +0.08876158  -0.01045596  -0.08789183  +0.99396712  +0.06560810  +0.01621635  -0.06442654  +0.99779069  -7.33018208  +0.05702110  +1.87657177 
     223    1.5030  +0.99986881  +0.01149498  -0.01141420  -0.01130930  +0.99980479  +0.01620157  +0.01159821  -0.01607035  +0.99980360  -2.51710463  -2.12229300  -0.37451008 
     224    1.5031  +0.99970204  +0.02407612  +0.00402021  -0.02393237  +0.99918109  -0.03262505  -0.00480240  +0.03251911  +0.99945956  -4.20874453  +1.35288358  -2.21990299 
     225    1.2910  +0.99909908  +0.03886711  +0.01704060  -0.03877757  +0.99923241  -0.00555386  -0.01724339  +0.00488806  +0.99983937  -5.55574417  +0.70951247  +0.34437093 
     226    1.2732  +0.99847907  +0.05194564  +0.01847122  -0.05300563  +0.99663788  +0.06247671  -0.01516372  -0.06336077  +0.99787545  -6.75548887  -2.27711725  +4.09337902 
     227    1.3332  +0.99994683  +0.00262416  -0.00997054  -0.00234660  +0.99961215  +0.02774861  +0.01003949  -0.02772373  +0.99956518  -2.25166750  -3.63266110  +0.21399887 
