       1    0.0000  +1.00000000  +0.00000000  +0.00000000  -0.00000000  +1.00000000  -0.00000000  -0.00000000  +0.00000000  +1.00000000  -0.00000000  +0.00000000  +0.00000000 
       2    0.6655  +0.99974453  -0.01236940  -0.01891741  +0.01273254  +0.99973464  +0.01919760  +0.01867493  -0.01943356  +0.99963671  +1.79203641  -1.65233648  -0.06012188 
       3    0.6276  +0.99921334  -0.02254190  -0.03262852  +0.02337353  +0.99940574  +0.02533501  +0.03203803  -0.02607772  +0.99914640  +3.55454326  -2.59582424  -0.13465640 
       4    0.9667  +0.99873841  -0.03380261  -0.03713532  +0.03439062  +0.99929118  +0.01531123  +0.03659144  -0.01656902  +0.99919295  +4.70966673  -2.78914213  -0.87118196 
       5    0.8015  +0.99947661  -0.01576972  -0.02824516  +0.01608536  +0.99981028  +0.01098281  +0.02806660  -0.01143139  +0.99954069  +3.01777744  -1.58150423  -0.73105520 
       6    0.9385  +0.99959165  -0.00897881  -0.02712786  +0.00940679  +0.99983263  +0.01569044  +0.02698244  -0.01593922  +0.99950880  +2.23180580  -1.62736940  -0.48348325 
       7    1.0231  +0.99967927  -0.01888202  -0.01687864  +0.01920717  +0.99962896  +0.01931361  +0.01650769  -0.01963161  +0.99967098  +1.99825883  -2.24521780  +0.45416155 
       8    1.0322  +0.99979240  -0.01418539  +0.01462477  +0.01416132  +0.99989820  +0.00174803  -0.01464807  -0.00154057  +0.99989152  -0.26254389  -1.01164794  +0.94868177 
       9    0.9342  +0.99971622  -0.01491045  +0.01857734  +0.01474725  +0.99985170  +0.00889070  -0.01870715  -0.00861422  +0.99978787  -0.38752463  -1.42854691  +1.33892202 
      10    0.9100  +0.99953818  -0.00320621  +0.03021736  +0.00295914  +0.99996185  +0.00821764  -0.03024256  -0.00812443  +0.99950957  -2.27702832  -0.81346053  +2.16558409 
      11    0.8269  +0.99881339  -0.01336275  +0.04683196  +0.01258823  +0.99977970  +0.01679430  -0.04704607  -0.01618484  +0.99876159  -2.79192448  -2.00054598  +3.36298966 
      12    0.9264  +0.99766809  -0.01492376  +0.06660092  +0.01500269  +0.99988723  -0.00068510  -0.06658318  +0.00168270  +0.99777949  -4.20406675  -1.02495289  +3.43234611 
      13    1.0278  +0.99670756  -0.01103134  +0.08032630  +0.00992223  +0.99985003  +0.01419366  -0.08047083  -0.01334991  +0.99666756  -5.11101818  -1.52263820  +5.15305424 
      14    0.9999  +0.99638927  -0.02891505  +0.07982679  +0.02651790  +0.99916977  +0.03092812  -0.08065480  -0.02869961  +0.99632883  -3.58728981  -3.04815459  +6.15738392 
      15    1.0261  +0.99746507  -0.03267197  +0.06321396  +0.03073622  +0.99903560  +0.03135617  -0.06417746  -0.02933373  +0.99750727  -2.36424637  -3.53133774  +5.11513662 
      16    1.2030  +0.99689549  -0.03890848  +0.06845107  +0.03612605  +0.99848819  +0.04142762  -0.06995947  -0.03882614  +0.99679399  -2.04414368  -4.38493347  +5.94187975 
      17    1.2491  +0.99560535  -0.05072098  +0.07872356  +0.04763179  +0.99803805  +0.04063594  -0.08063020  -0.03670761  +0.99606794  -1.78806591  -4.84293270  +6.48293018 
      18    1.0998  +0.99681562  -0.05253972  +0.05998515  +0.04972076  +0.99763024  +0.04755820  -0.06234170  -0.04442425  +0.99706572  -0.83846360  -5.27649975  +5.91444254 
      19    0.8730  +0.99702841  -0.06856453  +0.03511807  +0.06656162  +0.99624658  +0.05533778  -0.03878047  -0.05283583  +0.99784994  +1.66476238  -6.69559050  +4.90465689 
      20    0.9234  +0.99659240  -0.08026628  +0.01899633  +0.07917994  +0.99548644  +0.05231889  -0.02311003  -0.05063648  +0.99844974  +3.62436485  -6.80647326  +3.84980154 
      21    0.9884  +0.99662507  -0.08039356  +0.01659278  +0.07953976  +0.99572641  +0.04692873  -0.02029464  -0.04545056  +0.99876040  +3.97985840  -6.42465353  +3.60737967 
      22    0.8918  +0.99714690  -0.07282292  +0.01987061  +0.07147750  +0.99553722  +0.06161659  -0.02426903  -0.06002049  +0.99790210  +2.96558547  -7.38571882  +5.08580208 
      23    0.8064  +0.99764580  -0.06306258  +0.02694311  +0.06150027  +0.99657196  +0.05533551  -0.03034035  -0.05354823  +0.99810421  +1.92803180  -6.47640800  +4.52532244 
      24    0.7498  +0.99805164  -0.05185925  +0.03469218  +0.04994366  +0.99729252  +0.05397439  -0.03739732  -0.05213657  +0.99793947  +0.66578138  -5.81074619  +4.58514547 
      25    0.8100  +0.99707562  -0.05850139  +0.04917087  +0.05540013  +0.99652314  +0.06222928  -0.05264041  -0.05932323  +0.99684989  +0.40927130  -6.51309824  +6.21352434 
      26    0.8898  +0.99733675  -0.04733519  +0.05548662  +0.04390775  +0.99714440  +0.06144194  -0.05823654  -0.05884201  +0.99656719  -0.50338507  -5.85425425  +6.67726183 
      27    0.8643  +0.99711859  -0.05152303  +0.05567687  +0.04758742  +0.99642259  +0.06983893  -0.05907601  -0.06698817  +0.99600333  -0.20136122  -6.69933176  +7.44191122 
      28    1.0120  +0.99746323  -0.05492717  +0.04527885  +0.05232284  +0.99701220  +0.05682463  -0.04826478  -0.05431136  +0.99735689  +0.84107757  -6.30301237  +6.11965084 
      29    0.8803  +0.99794042  -0.05606520  +0.03117070  +0.05453203  +0.99735600  +0.04803374  -0.03378131  -0.04623501  +0.99835920  +1.66398942  -5.73388672  +4.81168604 
      30    0.7972  +0.99819940  -0.05468496  +0.02464750  +0.05336868  +0.99726015  +0.05122421  -0.02738116  -0.04981657  +0.99838299  +2.21643400  -6.04315519  +4.38754797 
      31    0.8576  +0.99787390  -0.06361376  +0.01417653  +0.06270488  +0.99638593  +0.05729908  -0.01777031  -0.05628832  +0.99825639  +3.29753852  -6.94675064  +4.19196129 
      32    0.8478  +0.99822682  -0.05631920  +0.01927094  +0.05511976  +0.99679667  +0.05795048  -0.02247293  -0.05678551  +0.99813342  +2.44805837  -6.80273724  +4.84494781 
      33    0.7841  +0.99827892  -0.04653211  +0.03569220  +0.04424700  +0.99707365  +0.06234089  -0.03848861  -0.06065432  +0.99741650  +0.50169456  -6.35928392  +5.86227179 
      34    0.8614  +0.99763429  -0.05237584  +0.04452581  +0.05017621  +0.99752969  +0.04916123  -0.04699068  -0.04681080  +0.99779791  +0.41669351  -6.02122164  +5.59548903 
      35    0.9208  +0.99710798  -0.06390858  +0.04112669  +0.06119186  +0.99605703  +0.06423316  -0.04506958  -0.06153078  +0.99708712  +1.45541501  -7.17457294  +6.77760458 
      36    0.9198  +0.99734139  -0.06590842  +0.03108446  +0.06452430  +0.99696290  +0.04360684  -0.03386411  -0.04148521  +0.99856508  +2.22774768  -6.15332508  +4.94461727 
      37    0.8896  +0.99737644  -0.06621854  +0.02924610  +0.06509703  +0.99716401  +0.03776581  -0.03166395  -0.03576290  +0.99885857  +2.26136518  -5.76050854  +4.39533043 
      38    0.8852  +0.99762219  -0.06025922  +0.03344745  +0.05903126  +0.99758637  +0.03656127  -0.03556987  -0.03449989  +0.99877149  +1.23910463  -5.33693075  +4.41067553 
      39    0.8087  +0.99702120  -0.07265769  +0.02587656  +0.07120759  +0.99604541  +0.05313218  -0.02963469  -0.05113131  +0.99825215  +2.76687193  -6.89793587  +4.75754595 
      40    0.8688  +0.99625587  -0.08189894  +0.02769163  +0.08083925  +0.99602383  +0.03743776  -0.03064764  -0.03505902  +0.99891520  +3.03858232  -6.41825104  +3.84369826 
      41    0.8865  +0.99582726  -0.08391993  +0.03585348  +0.08297281  +0.99618226  +0.02713709  -0.03799394  -0.02404899  +0.99898857  +2.57618356  -5.97983265  +3.50635409 
      42    0.8423  +0.99721617  -0.07189083  +0.01979098  +0.07083256  +0.99624461  +0.04979417  -0.02329640  -0.04825371  +0.99856341  +2.71650028  -6.76342916  +4.05176544 
      43    1.0098  +0.99692810  -0.07149310  +0.03198642  +0.07025559  +0.99679458  +0.03827138  -0.03462002  -0.03590659  +0.99875534  +1.91516149  -6.13493824  +3.73876071 
      44    0.9211  +0.99713951  -0.07133876  +0.02497189  +0.07023773  +0.99662477  +0.04249400  -0.02791907  -0.04061848  +0.99878460  +2.30309272  -6.42943907  +3.51569486 
      45    0.8567  +0.99747747  -0.06658780  +0.02459192  +0.06574379  +0.99726838  +0.03366780  -0.02676661  -0.03196610  +0.99913049  +2.14700818  -5.89632130  +3.05506587 
      46    0.9790  +0.99710238  -0.07088371  +0.02761080  +0.06995735  +0.99699783  +0.03318537  -0.02988021  -0.03115763  +0.99906772  +2.11713552  -5.95178509  +3.27440906 
      47    0.8624  +0.99712193  -0.07467081  +0.01312046  +0.07421189  +0.99671143  +0.03254087  -0.01550716  -0.03147352  +0.99938428  +3.03961802  -6.23418570  +2.57579660 
      48    0.9931  +0.99629295  -0.08084715  +0.02939585  +0.08021284  +0.99653155  +0.02215457  -0.03108503  -0.01971452  +0.99932230  +2.47041965  -5.79003429  +2.47755098 
      49    0.8654  +0.99627465  -0.08312871  +0.02294469  +0.08215106  +0.99578887  +0.04069039  -0.02623060  -0.03865387  +0.99890834  +3.05655169  -7.11731958  +3.40965104 
      50    0.7925  +0.99533087  -0.08924839  +0.03675799  +0.08783416  +0.99539298  +0.03844526  -0.04001983  -0.03503715  +0.99858439  +2.20847344  -6.85531378  +4.11804390 
      51    0.9083  +0.99710512  -0.07220322  +0.02383366  +0.07145782  +0.99696887  +0.03077168  -0.02598323  -0.02897950  +0.99924225  +1.97850859  -5.81387520  +3.00125265 
      52    0.8138  +0.99664843  -0.07866501  +0.02244244  +0.07769639  +0.99612606  +0.04118459  -0.02559528  -0.03930286  +0.99889946  +2.52900004  -6.60675287  +3.26200700 
      53    0.8769  +0.99681628  -0.07697375  +0.02079199  +0.07588526  +0.99591869  +0.04886142  -0.02446817  -0.04712806  +0.99858916  +2.69730139  -7.07914114  +3.70270634 
      54    0.8317  +0.99686837  -0.07287085  +0.03071349  +0.07126813  +0.99618334  +0.05039412  -0.03426853  -0.04804741  +0.99825704  +1.71865630  -7.10231495  +4.56332779 
      55    0.9440  +0.99627632  -0.07822019  +0.03626397  +0.07591907  +0.99524653  +0.06099709  -0.04086280  -0.05801684  +0.99747896  +1.72031331  -8.12994099  +5.93232918 
      56    0.8867  +0.99547130  -0.09062297  +0.02871263  +0.08843178  +0.99361241  +0.07010178  -0.03488205  -0.06724521  +0.99712652  +3.11337423  -9.13757801  +6.30093813 
      57    0.8559  +0.99419099  -0.10247363  +0.03291593  +0.09923650  +0.99114037  +0.08827704  -0.04167038  -0.08449777  +0.99555194  +3.74439454 -11.00997257  +7.55215502 
      58    0.9098  +0.99317420  -0.10900214  +0.04151517  +0.10473987  +0.99006575  +0.09380516  -0.05132771  -0.08881658  +0.99472463  +3.61719441 -11.66619015  +7.93933868 
      59    1.0295  +0.99217331  -0.11734775  +0.04268062  +0.11312286  +0.98943412  +0.09068244  -0.05287104  -0.08514454  +0.99496484  +4.20850515 -11.74902153  +7.89552498 
      60    0.9581  +0.99225467  -0.11065019  +0.05645490  +0.10520151  +0.99020880  +0.09175632  -0.06605499  -0.08510650  +0.99417984  +2.59233570 -11.37530327  +8.53399563 
      61    0.9254  +0.99317223  -0.10722072  +0.04596398  +0.10283836  +0.99071252  +0.08895481  -0.05507489  -0.08362058  +0.99497455  +2.85960913 -11.04191303  +7.79680252 
      62    1.1100  +0.99483812  -0.09043807  +0.04602212  +0.08645497  +0.99285805  +0.08220972  -0.05312832  -0.07780652  +0.99555188  +1.72127831 -10.06064129  +7.20749235 
      63    1.0813  +0.99276799  -0.10873516  +0.05087655  +0.10576755  +0.99271047  +0.05778495  -0.05678894  -0.05198596  +0.99703181  +2.84279847  -9.79630089  +5.89045858 
      64    1.0356  +0.99464166  -0.09546439  +0.03967980  +0.09305085  +0.99392503  +0.05877531  -0.04504970  -0.05476813  +0.99748230  +2.68558311  -9.42388439  +5.31485415 
      65    1.1311  +0.99377149  -0.09964694  +0.04988679  +0.09615936  +0.99303961  +0.06801254  -0.05631680  -0.06279185  +0.99643648  +2.31523037 -10.18212509  +6.42262793 
      66    1.0134  +0.99357849  -0.10573035  +0.04028467  +0.10219941  +0.99142504  +0.08143500  -0.04854938  -0.07679500  +0.99586421  +3.26203752 -11.24581623  +6.94705153 
      67    1.1363  +0.99155658  -0.11893122  +0.05168063  +0.11533301  +0.99101156  +0.06778181  -0.05927747  -0.06124903  +0.99636072  +3.26906657 -10.99796772  +6.65753508 
      68    0.9165  +0.99133646  -0.12149236  +0.04991657  +0.11785454  +0.99053895  +0.07030548  -0.05798588  -0.06381349  +0.99627578  +3.44089270 -11.03699970  +6.67840862 
      69    1.1075  +0.99023849  -0.11775326  +0.07457817  +0.11243783  +0.99105632  +0.07186881  -0.08237395  -0.06278185  +0.99462205  +1.62712169 -10.93779850  +7.97248363 
      70    0.9211  +0.99150723  -0.10601159  +0.07533196  +0.10191965  +0.99320149  +0.05624179  -0.08078210  -0.04808633  +0.99557120  +1.00844538  -9.14622116  +7.03283882 
      71    0.9968  +0.99163830  -0.10767920  +0.07112416  +0.10503873  +0.99366790  +0.03988701  -0.07496879  -0.03208270  +0.99666965  +0.96378160  -8.51757812  +5.57284260 
      72    1.0919  +0.99138409  -0.11546060  +0.06185777  +0.11278896  +0.99259585  +0.04507961  -0.06660468  -0.03771434  +0.99706644  +2.29852366  -9.26868153  +5.29834747 
      73    1.0697  +0.99061632  -0.11687908  +0.07084228  +0.11338507  +0.99221563  +0.05149693  -0.07630973  -0.04298124  +0.99615735  +2.02053142  -9.76977444  +6.11568022 
      74    1.0735  +0.99197710  -0.10213570  +0.07449656  +0.10001764  +0.99448252  +0.03163860  -0.07731695  -0.02393380  +0.99671924  +1.04754984  -7.59863949  +4.70466185 
      75    1.0073  +0.99063444  -0.10227857  +0.09045712  +0.10010891  +0.99457628  +0.02821785  -0.09285259  -0.01889801  +0.99550050  +0.14091353  -7.48359442  +5.17812872 
      76    1.1263  +0.99031246  -0.10973246  +0.08508838  +0.10684755  +0.99355805  +0.03776200  -0.08868396  -0.02830469  +0.99565756  +1.01658142  -8.32311630  +5.45714378 
      77    1.3497  +0.98985213  -0.11690492  +0.08078353  +0.11404715  +0.99270391  +0.03914353  -0.08477020  -0.02953317  +0.99596274  +1.71204019  -8.74585915  +5.00279284 
      78    1.4152  +0.98846281  -0.13862655  +0.06102402  +0.13580556  +0.98956269  +0.04819250  -0.06706785  -0.03934909  +0.99697220  +4.26941729 -10.39836121  +4.24355602 
      79    1.4332  +0.99061161  -0.11848494  +0.06819028  +0.11663567  +0.99270618  +0.03050416  -0.07130720  -0.02226436  +0.99720591  +2.77295661  -8.22776699  +3.34061480 
      80    1.3292  +0.98639196  -0.13610423  +0.09223080  +0.13428016  +0.99060929  +0.02573146  -0.09486685  -0.01299654  +0.99540514  +2.40774012  -8.37668514  +4.34679699 
      81    1.2531  +0.98626173  -0.14147899  +0.08527320  +0.13890310  +0.98967129  +0.03544952  -0.08940780  -0.02311780  +0.99572676  +3.19047618  -9.02271748  +4.48284769 
      82    1.1749  +0.98813611  -0.12067290  +0.09500030  +0.11777336  +0.99240291  +0.03557907  -0.09857201  -0.02396846  +0.99484122  +1.27822435  -7.76243830  +5.23270130 
      83    1.2483  +0.98810977  -0.12140509  +0.09433945  +0.12031005  +0.99258679  +0.01723094  -0.09573201  -0.00567608  +0.99539095  +1.41518509  -6.44923878  +3.74523520 
      84    1.2815  +0.98817039  -0.13099059  +0.07975417  +0.12877052  +0.99114519  +0.03239328  -0.08329117  -0.02174009  +0.99628806  +2.98628449  -7.73900080  +4.04262161 
      85    1.1434  +0.98959869  -0.12336037  +0.07400420  +0.12264753  +0.99234986  +0.01411831  -0.07517970  -0.00489503  +0.99715799  +2.87646937  -6.24064064  +2.83443522 
      86    1.0639  +0.98946273  -0.12218408  +0.07768200  +0.12117741  +0.99247551  +0.01756103  -0.07924316  -0.00796268  +0.99682349  +2.41956496  -6.29124737  +3.29419851 
      87    1.1381  +0.98779583  -0.12617524  +0.09131898  +0.12497798  +0.99198258  +0.01873566  -0.09295082  -0.00709414  +0.99564540  +1.78024662  -6.51186800  +3.90677953 
      88    1.2440  +0.98531860  -0.14554217  +0.08924524  +0.14386024  +0.98928136  +0.02503197  -0.09193186  -0.01182563  +0.99569505  +2.96810007  -7.95121288  +3.96866512 
      89    1.1582  +0.98758388  -0.13201205  +0.08515194  +0.13148214  +0.99124801  +0.01182641  -0.08596792  -0.00048362  +0.99629778  +2.79500294  -6.09975863  +2.85211849 
      90    1.0571  +0.98797953  -0.13882230  +0.06800616  +0.13664208  +0.98997527  +0.03574768  -0.07228699  -0.02602547  +0.99704427  +4.51911449  -7.95538902  +3.74117231 
      91    1.0223  +0.98764795  -0.14869960  +0.04939564  +0.14623098  +0.98796946  +0.05032707  -0.05628499  -0.04248226  +0.99751055  +6.50352716  -9.23887539  +3.88284636 
      92    1.0689  +0.98901838  -0.14462771  +0.03042103  +0.14325199  +0.98873508  +0.04337944  -0.03635221  -0.03854519  +0.99859542  +7.53450632  -8.92637348  +2.50088263 
      93    1.0058  +0.98490268  -0.16723678  +0.04470600  +0.16553369  +0.98541528  +0.03943763  -0.05064939  -0.03144187  +0.99822146  +8.39951229  -9.72520733  +2.60486341 
      94    1.0927  +0.98696303  -0.15711942  +0.03489234  +0.15528588  +0.98659331  +0.05019891  -0.04231178  -0.04412618  +0.99812955  +8.33846951  -9.92733479  +2.92203021 
      95    1.0085  +0.98547161  -0.16689859  +0.03147339  +0.16471072  +0.98435456  +0.06258158  -0.04142575  -0.05648836  +0.99754345  +9.25165081 -11.29951096  +3.63837957 
      96    0.9361  +0.98445481  -0.17210887  +0.03503202  +0.16909210  +0.98266643  +0.07599009  -0.04750336  -0.06888518  +0.99649298  +9.53302574 -12.06602192  +4.77197456 
      97    0.8955  +0.98549086  -0.16561013  +0.03716199  +0.16291177  +0.98438752  +0.06664049  -0.04761814  -0.05961946  +0.99708474  +8.75120258 -11.39334583  +4.16601324 
      98    0.9607  +0.98272359  -0.18366222  +0.02285782  +0.18214421  +0.98164266  +0.05657843  -0.03282953  -0.05143754  +0.99813646 +10.80638981 -11.66680717  +2.81487393 
      99    1.0479  +0.98513371  -0.16621701  +0.04339863  +0.16383156  +0.98502409  +0.05372899  -0.05167937  -0.04582017  +0.99761200  +8.33617306 -10.67792034  +3.38951707 
     100    1.0506  +0.98466289  -0.17117572  +0.03373251  +0.16929734  +0.98417377  +0.05234852  -0.04215945  -0.04583482  +0.99805897  +9.28074074 -10.76623535  +2.77942038 
     101    1.1504  +0.98458165  -0.16696328  +0.05217549  +0.16518123  +0.98557603  +0.03681039  -0.05756889  -0.02762442  +0.99795926  +8.00632668  -9.63789177  +2.65162230 
     102    1.0484  +0.98355979  -0.16933437  +0.06273777  +0.16904309  +0.98555833  +0.00996074  -0.06351843  +0.00080840  +0.99798036  +7.47723293  -8.47291374  +1.25060451 
     103    1.1293  +0.98742872  -0.14384556  +0.06552036  +0.14351147  +0.98960012  +0.00980202  -0.06624893  -0.00027587  +0.99780309  +5.65809488  -7.20412397  +1.31138074 
     104    1.0644  +0.98539531  -0.15751484  +0.06469283  +0.15835059  +0.98735082  -0.00796870  -0.06261932  +0.01809647  +0.99787343  +6.79764700  -7.18049622  -0.06054629 
     105    1.0889  +0.98885751  -0.14376159  +0.03864478  +0.14410393  +0.98954308  -0.00620957  -0.03734797  +0.01170924  +0.99923372  +7.28957272  -6.67114973  -1.16466784 
     106    1.1003  +0.98690432  -0.15484707  +0.04519144  +0.15405549  +0.98784900  +0.02052388  -0.04782038  -0.01329311  +0.99876750  +7.70490885  -8.65667343  +0.70099407 
     107    1.1300  +0.98579222  -0.16063653  +0.04908782  +0.16002604  +0.98698068  +0.01614915  -0.05104288  -0.00806438  +0.99866390  +8.04848957  -9.00034904  +0.61409879 
     108    1.2344  +0.98613107  -0.15525952  +0.05865108  +0.15561657  +0.98781633  -0.00154203  -0.05769708  +0.01064773  +0.99827737  +7.06335020  -7.68462801  -0.15617067 
     109    1.2411  +0.98836201  -0.14539720  +0.04472406  +0.14612220  +0.98917615  -0.01337514  -0.04229527  +0.01975465  +0.99890983  +7.22926950  -6.47147655  -1.55353224 
     110    1.1327  +0.98583382  -0.16161944  +0.04484198  +0.16189329  +0.98680502  -0.00252018  -0.04384298  +0.00974409  +0.99899089  +8.34267426  -7.83526945  -0.89604855 
     111    1.2628  +0.98829132  -0.15182975  +0.01509876  +0.15188034  +0.98839629  -0.00225544  -0.01458112  +0.00452224  +0.99988347  +9.22324181  -7.32287359  -2.51972651 
     112    1.3298  +0.98912239  -0.14632006  +0.01507772  +0.14626883  +0.98923486  +0.00445192  -0.01556682  -0.00219810  +0.99987644  +9.01899910  -7.40047932  -2.14016223 
     113    1.3691  +0.98588383  -0.16713901  -0.00988171  +0.16727313  +0.98579937  +0.01480955  +0.00726613  -0.01625344  +0.99984151 +11.99504948  -8.83099270  -2.50591850 
     114    1.5188  +0.98447579  -0.17500848  -0.01339610  +0.17493396  +0.98455834  -0.00655541  +0.01433650  +0.00411021  +0.99988878 +12.64352036  -7.97517586  -4.23844624 
     115    1.7941  +0.98506349  -0.16751552  -0.03985484  +0.16829513  +0.98558903  +0.01706018  +0.03642265  -0.02351273  +0.99905986 +13.82357693  -9.25427151  -3.70240641 
     116    1.6741  +0.98810279  -0.14530753  -0.05038462  +0.14668638  +0.98887151  +0.02482358  +0.04621686  -0.03191899  +0.99842137 +13.01398659  -8.72683334  -3.85638142 
     117    1.6587  +0.99134064  -0.12481917  -0.04079132  +0.12642139  +0.99119443  +0.03938547  +0.03551607  -0.04420131  +0.99839115 +10.74190044  -8.51532173  -2.63920736 
     118    1.5665  +0.98629928  -0.16171969  -0.03256511  +0.16305703  +0.98564631  +0.04374655  +0.02502300  -0.04845716  +0.99851179 +12.78444290 -10.46798515  -1.76824832 
     119    1.4616  +0.98972738  -0.13547197  -0.04568418  +0.13677201  +0.99024451  +0.02663120  +0.04163073  -0.03260595  +0.99860090 +11.78939819  -8.21117401  -3.82506657 
     120    1.5756  +0.98942578  -0.13539533  -0.05200683  +0.13685031  +0.99026346  +0.02550027  +0.04804784  -0.03234777  +0.99832112 +12.17275429  -8.30868244  -3.95975256 
     121    1.4832  +0.98167008  -0.17788184  -0.06842410  +0.17984255  +0.98341227  +0.02360091  +0.06309093  -0.03547388  +0.99737716 +16.28006935 -10.51026249  -4.60317135 
     122    1.5578  +0.98550820  -0.15774238  -0.06237764  +0.15893140  +0.98718238  +0.01455158  +0.05928270  -0.02425447  +0.99794656 +14.38010406  -9.18476105  -4.90899563 
     123    1.4072  +0.99016035  -0.12970051  -0.05253784  +0.13057971  +0.99134386  +0.01364831  +0.05031288  -0.02037439  +0.99852568 +11.78136635  -7.74879599  -4.56499815 
     124    1.3978  +0.99253780  -0.10389514  -0.06383238  +0.10567642  +0.99408162  +0.02518475  +0.06083802  -0.03174240  +0.99764282 +10.95930672  -7.13550615  -4.63991117 
     125    1.3626  +0.99135393  -0.11972939  -0.05368720  +0.12144728  +0.99214578  +0.02995538  +0.04967899  -0.03621655  +0.99810839 +11.54469299  -7.91958904  -3.76481485 
     126    1.3311  +0.99190295  -0.10812894  -0.06660871  +0.10935969  +0.99388742  +0.01510602  +0.06456816  -0.02226801  +0.99766481 +11.47163010  -6.50982380  -5.31250858 
     127    1.4173  +0.99191338  -0.12195191  -0.03515083  +0.12262253  +0.99229747  +0.01759162  +0.03273475  -0.02175965  +0.99922717 +10.22241497  -7.46799040  -3.78595161 
     128    1.4958  +0.98995805  -0.13604277  -0.03841079  +0.13616799  +0.99068552  +0.00065075  +0.03796449  -0.00587454  +0.99926180 +10.83017635  -6.91745234  -4.78103256 
     129    1.5604  +0.98972702  -0.13614736  -0.04363872  +0.13660449  +0.99059606  +0.00765613  +0.04218598  -0.01353872  +0.99901801 +11.13053131  -7.04072618  -4.50139284 
     130    1.8190  +0.98981106  -0.13876846  -0.03189643  +0.13934807  +0.99010229  +0.01671962  +0.02926058  -0.02099397  +0.99935132 +10.53815842  -8.02189445  -3.36582708 
     131    1.7862  +0.98447371  -0.17224975  -0.03378719  +0.17206404  +0.98505038  -0.00835110  +0.03472055  +0.00240788  +0.99939418 +12.90809250  -8.12876797  -5.17589283 
     132    1.7190  +0.99038482  -0.13743077  -0.01583458  +0.13770926  +0.99030751  +0.01808848  +0.01319520  -0.02009512  +0.99971098  +8.98450756  -8.20983219  -2.60638666 
     133    1.6809  +0.98543626  -0.16939165  -0.01489515  +0.16965769  +0.98532176  +0.01890358  +0.01147441  -0.02115535  +0.99971038 +11.51313591  -9.71170807  -2.44625878 
     134    1.5154  +0.98376542  -0.17220294  -0.05051519  +0.17327195  +0.98471719  +0.01757415  +0.04671685  -0.02604171  +0.99856865 +14.20425797  -9.82034492  -4.27240896 
     135    1.5284  +0.98855478  -0.14293893  -0.04824908  +0.14474915  +0.98879999  +0.03636221  +0.04251112  -0.04293005  +0.99817324 +12.67009735  -9.79356194  -2.80610251 
     136    1.5721  +0.98791999  -0.13573343  -0.07477012  +0.13890834  +0.98953640  +0.03901508  +0.06869210  -0.04892997  +0.99643725 +13.92553902 -10.01993847  -3.78103566 
     137    1.4277  +0.98262906  -0.16905415  -0.07655578  +0.17194906  +0.98455626  +0.03290192  +0.06981127  -0.04549408  +0.99652231 +16.12370491 -11.12072563  -4.32481909 
     138    1.2256  +0.98522693  -0.15362789  -0.07567242  +0.15447311  +0.98798215  +0.00541087  +0.07393175  -0.01702029  +0.99711806 +15.51665783  -8.56508636  -6.13397217 
     139    1.2764  +0.98153204  -0.17202826  -0.08367289  +0.17226908  +0.98504019  -0.00438765  +0.08317596  -0.01010763  +0.99648362 +17.02223778  -9.13638878  -7.04358387 
     140    1.2229  +0.98130161  -0.17277162  -0.08483618  +0.17466013  +0.98450971  +0.01531102  +0.08087673  -0.02984223  +0.99627727 +17.19979095 -10.11154366  -5.84747314 
     141    1.2625  +0.98253721  -0.16526505  -0.08548725  +0.16821457  +0.98533881  +0.02848394  +0.07952651  -0.04236674  +0.99593204 +16.44333649 -10.34971237  -5.22041750 
     142    1.2702  +0.98644888  -0.13918217  -0.08687301  +0.13966191  +0.99019909  -0.00056084  +0.08609963  -0.01157961  +0.99621922 +14.89451408  -7.64812565  -7.45282030 
     143    1.2713  +0.99171627  -0.11456051  -0.05809255  +0.11616255  +0.99291599  +0.02498316  +0.05481894  -0.03152439  +0.99799854 +11.73142815  -7.86329079  -4.61455631 
     144    1.2498  +0.99173152  -0.11576286  -0.05538552  +0.11653035  +0.99312818  +0.01082353  +0.05375195  -0.01718813  +0.99840635 +11.39596748  -7.04615402  -5.40455627 
     145    1.2689  +0.99252921  -0.11775519  -0.03193014  +0.11915348  +0.99180305  +0.04614299  +0.02623484  -0.04960285  +0.99842441 +10.13830376  -9.80025768  -1.63387215 
     146    1.3031  +0.99564862  -0.08990061  -0.02453074  +0.09119198  +0.99414790  +0.05791367  +0.01918071  -0.05989867  +0.99802017  +7.91767120  -9.01820183  -0.69397497 
     147    1.3898  +0.99656618  -0.06164930  -0.05527430  +0.06281700  +0.99783176  +0.01964150  +0.05394357  -0.02304622  +0.99827802  +8.52027130  -5.56808472  -4.46879625 
     148    1.3439  +0.99575061  -0.06915914  -0.06080916  +0.07034057  +0.99736941  +0.01750476  +0.05943858  -0.02170773  +0.99799591  +9.10958672  -6.02322102  -5.04126978 
     149    1.1843  +0.99116659  -0.10555164  -0.08029734  +0.10788801  +0.99384046  +0.02532461  +0.07712970  -0.03376402  +0.99644917 +12.71093655  -8.37788677  -5.23863459 
     150    1.2366  +0.99141401  -0.10357138  -0.07982022  +0.10394138  +0.99458331  +0.00048334  +0.07933779  -0.00877581  +0.99680918 +12.57655334  -6.52172089  -7.19981480 
     151    1.2452  +0.98562670  -0.11875871  -0.12015165  +0.12282906  +0.99205965  +0.02703149  +0.11598737  -0.04140107  +0.99238747 +16.61392593  -8.94188881  -7.09675264 
     152    1.2740  +0.98394948  -0.12353424  -0.12877391  +0.12866090  +0.99116409  +0.03225134  +0.12365194  -0.04830186  +0.99114943 +17.39986038  -9.74624920  -7.03091288 
     153    1.2646  +0.98971123  -0.10414641  -0.09810831  +0.10877072  +0.99313581  +0.04301450  +0.09295507  -0.05324325  +0.99424571 +14.26770496  -9.26859856  -5.11428499 
     154    1.2915  +0.98704976  -0.10470113  -0.12153373  +0.10831343  +0.99383926  +0.02348852  +0.11832572  -0.03634807  +0.99230933 +16.26277542  -7.97054338  -7.46989155 
     155    1.1587  +0.98895437  -0.11177682  -0.09734049  +0.11525625  +0.99285603  +0.03086990  +0.09319455  -0.04174802  +0.99477226 +14.57009125  -8.64737892  -5.88806057 
     156    1.1658  +0.98924094  -0.12680867  -0.07295184  +0.12820081  +0.99163914  +0.01470908  +0.07047667  -0.02390331  +0.99722701 +13.75134659  -8.24797153  -5.93621111 
     157    1.1559  +0.99152195  -0.11387034  -0.06259184  +0.11651809  +0.99236625  +0.04040721  +0.05751285  -0.04735771  +0.99722087 +11.99186707  -9.10120392  -3.72327566 
     158    1.2733  +0.99411106  -0.09422975  -0.05351549  +0.09525883  +0.99530721  +0.01701020  +0.05166148  -0.02200785  +0.99842215 +10.30321884  -6.63053179  -4.93551254 
     159    1.2570  +0.99731064  -0.07192060  -0.01410367  +0.07171069  +0.99731469  -0.01486434  +0.01513485  +0.01381298  +0.99979007  +6.14744139  -3.55416489  -4.83718348 
     160    1.1513  +0.99214709  -0.12121253  -0.03084983  +0.12114406  +0.99262655  -0.00408549  +0.03111758  +0.00031613  +0.99951565 +10.40545082  -6.70753956  -4.92355251 
     161    1.2813  +0.99521583  -0.07899914  -0.05748527  +0.08090302  +0.99622160  +0.03157901  +0.05477335  -0.03607866  +0.99784678  +9.71839619  -6.99651527  -3.98989344 
     162    1.2339  +0.99199009  -0.10118550  -0.07561215  +0.10306139  +0.99444640  +0.02132350  +0.07303460  -0.02894539  +0.99690926 +11.60939217  -7.27446222  -5.47089863 
     163    1.2123  +0.99723572  -0.04370260  -0.06009135  +0.04696888  +0.99743229  +0.05406215  +0.05757440  -0.05673514  +0.99672782  +6.97238016  -6.01305532  -2.68516064 
     164    1.3579  +0.99703383  -0.05571081  -0.05310162  +0.06022069  +0.99434251  +0.08750096  +0.04792645  -0.09043924  +0.99474812  +7.43757534  -8.45167732  -0.20037684 
     165    1.4232  +0.99232787  -0.08535688  -0.08944083  +0.08834563  +0.99563801  +0.03000054  +0.08648993  -0.03767208  +0.99554020 +11.78355694  -6.96930504  -5.45093584 
     166    1.3338  +0.99696463  -0.03400443  -0.07003745  +0.03526462  +0.99923617  +0.01683562  +0.06941147  -0.01925437  +0.99740231  +7.56686068  -3.17212701  -5.69197035 
     167    1.4381  +0.99585807  -0.09064290  -0.00710685  +0.09069732  +0.99584836  +0.00775013  +0.00637485  -0.00836260  +0.99994469  +7.19333076  -6.11986876  -2.58781838 
     168    1.3863  +0.99295777  -0.11841675  -0.00351273  +0.11841083  +0.99296296  -0.00184650  +0.00370666  +0.00141755  +0.99999213  +8.60485077  -6.95259237  -3.23559260 
     169    1.3648  +0.99557018  -0.08966235  -0.02829575  +0.08992706  +0.99591440  +0.00822306  +0.02744284  -0.01073118  +0.99956578  +8.68505859  -6.08636284  -3.86397290 
     170    1.4867  +0.99532586  -0.09631835  +0.00701550  +0.09637468  +0.99531144  -0.00818850  -0.00619390  +0.00882634  +0.99994189  +7.06178188  -5.14901209  -3.13469386 
     171    1.4063  +0.99449539  -0.10431470  -0.00986543  +0.10423497  +0.99451822  -0.00827858  +0.01067492  +0.00720469  +0.99991709  +9.08617592  -5.46963501  -3.58851886 
     172    1.4599  +0.99541289  -0.09564865  +0.00212983  +0.09544468  +0.99433285  +0.04682456  -0.00659646  -0.04640649  +0.99890083  +8.16446686  -8.08695126  +0.29161745 
     173    1.3688  +0.99415565  -0.09872205  -0.04368662  +0.10008726  +0.99451882  +0.03024672  +0.04046115  -0.03444242  +0.99858731 +10.86717892  -7.16238832  -3.12860274 
     174    1.4063  +0.99315369  -0.11217567  -0.03259333  +0.11332820  +0.99290627  +0.03597064  +0.02832709  -0.03941812  +0.99882120 +10.80930042  -8.28216267  -2.30890942 
     175    1.3869  +0.98571748  -0.15551801  -0.06461596  +0.15768588  +0.98703671  +0.02989572  +0.05912900  -0.03965776  +0.99746227 +15.88918304 -10.30578327  -3.46842170 
     176    1.3444  +0.98223001  -0.15856856  -0.10040027  +0.16516450  +0.98436838  +0.06115169  +0.08913412  -0.07664758  +0.99306607 +18.21009445 -12.20945644  -3.13302112 
     177    1.4070  +0.98563302  -0.15109736  -0.07547983  +0.15567529  +0.98604774  +0.05894942  +0.06551961  -0.06985284  +0.99540329 +16.20767212 -11.80325699  -2.38267612 
     178    1.3799  +0.98880225  -0.13296950  -0.06774406  +0.13464086  +0.99067795  +0.02071381  +0.06435824  -0.02960298  +0.99748766 +14.52108002  -8.74873066  -4.75653458 
     179    1.4123  +0.98554724  -0.15507384  -0.06818143  +0.15613686  +0.98767942  +0.01051623  +0.06571061  -0.02100988  +0.99761748 +15.54267693  -9.06996536  -5.42095613 
     180    1.5640  +0.98566622  -0.16166918  -0.04821969  +0.16226351  +0.98670954  +0.00865100  +0.04618023  -0.01635130  +0.99879926 +15.01771927  -9.70227718  -4.64433289 
     181    1.5538  +0.98543030  -0.16631420  -0.03559041  +0.16719016  +0.98565114  +0.02322185  +0.03121761  -0.02883388  +0.99909663 +14.35632610 -10.96851826  -3.13990068 
     182    1.4537  +0.99128264  -0.12161736  -0.05067516  +0.12269640  +0.99226719  +0.01874469  +0.04800362  -0.02479894  +0.99853927 +12.44607925  -8.27447128  -4.27935839 
     183    1.4212  +0.98262239  -0.18305847  -0.03070640  +0.18470433  +0.98069942  +0.06413268  +0.01837372  -0.06868981  +0.99746883 +15.52858353 -13.85132694  +0.31442899 
     184    1.4541  +0.98415083  -0.17470469  -0.03041984  +0.17333533  +0.98392379  -0.04299760  +0.03744269  +0.03704329  +0.99861193 +14.91880226  -7.18764353  -7.00951242 
     185    1.5573  +0.98645204  -0.16144943  -0.02909363  +0.15986806  +0.98585558  -0.05030854  +0.03680440  +0.04497582  +0.99830985 +14.15282345  -6.10838604  -7.37143564 
     186    1.5318  +0.98959029  -0.14339454  +0.01220855  +0.14391322  +0.98592192  -0.08512928  +0.00017040  +0.08600008  +0.99629509 +10.45295525  -2.86325550  -7.89224052 
     187    1.4195  +0.98431891  -0.17072771  +0.04436603  +0.17073995  +0.98530978  +0.00354169  -0.04431895  +0.00408890  +0.99900907 +10.73702049  -8.96970654  -0.86845249 
     188    1.5466  +0.99212414  -0.12432532  -0.01526279  +0.12390973  +0.99196100  -0.02568552  +0.01833346  +0.02359201  +0.99955356 +11.14904785  -5.66082382  -4.98311329 
     189    1.5505  +0.98041767  -0.18151088  -0.07638731  +0.17804803  +0.98275119  -0.04999015  +0.08414347  +0.03541062  +0.99582428 +18.60817909  -6.76081610  -9.05067348 
     190    1.5318  +0.97795653  -0.18861322  -0.08958843  +0.18622757  +0.98190576  -0.03435641  +0.09444746  +0.01691524  +0.99538612 +20.02367210  -8.52178097  -8.32307339 
     191    1.5904  +0.97326410  -0.21145035  -0.08969779  +0.20686968  +0.97666448  -0.05771841  +0.09980922  +0.03761951  +0.99429518 +21.69192886  -8.05084705 -10.03365326 
     192    1.5162  +0.97528720  -0.20631468  -0.07905180  +0.20281351  +0.97793466  -0.05010460  +0.08764481  +0.03283359  +0.99561054 +20.82720566  -8.27468014  -8.97185135 
     193    1.5645  +0.97212094  -0.21863763  -0.08472582  +0.21409997  +0.97499853  -0.05948966  +0.09561422  +0.03969134  +0.99462682 +21.91364861  -8.00041676 -10.01767731 
     194    1.5740  +0.97699612  -0.17143279  -0.12684403  +0.16621543  +0.98478460  -0.05071228  +0.13360779  +0.02846227  +0.99062550 +21.56323433  -6.05016041 -11.07418728 
     195    1.6715  +0.97212082  -0.17153966  -0.15986007  +0.15725936  +0.98266721  -0.09815643  +0.17392698  +0.07028041  +0.98224747 +24.28684425  -2.56108761 -15.13672161 
     196    1.6348  +0.98766166  -0.14679638  -0.05454556  +0.14187197  +0.98620713  -0.08525185  +0.06630788  +0.07646149  +0.99486530 +15.91888237  -2.83841515 -10.38527107 
     197    1.4952  +0.98568875  -0.15836236  -0.05778492  +0.15601651  +0.98681378  -0.04309823  +0.06384809  +0.03346603  +0.99739832 +16.76030731  -6.37553501  -7.96917629 
     198    1.4715  +0.98364943  -0.13342911  -0.12095657  +0.12369695  +0.98869753  -0.08471312  +0.13089265  +0.06836605  +0.98903650 +19.27557945  -2.23668075 -13.17197227 
     199    1.4137  +0.98382086  -0.12917472  -0.12413865  +0.12947370  +0.99156654  -0.00569040  +0.12382679  -0.01047435  +0.99224854 +19.01964760  -7.04084635  -8.51181412 
     200    1.3606  +0.98676139  -0.06397206  -0.14902851  +0.05504056  +0.99647510  -0.06330775  +0.15255313  +0.05426703  +0.98680425 +16.48263550  +0.63643265 -13.70522976 
     201    1.3525  +0.99074745  -0.04632890  -0.12756607  +0.03916179  +0.99754053  -0.05813072  +0.12994546  +0.05259715  +0.99012512 +13.89819241  +1.29180217 -12.71911907 
     202    1.3936  +0.99042994  -0.09867734  -0.09649503  +0.09028029  +0.99203593  -0.08783020  +0.10439339  +0.07827806  +0.99145073 +15.04378700  +0.52409548 -13.01667690 
     203    1.4900  +0.99191886  -0.07553519  -0.10193828  +0.07257237  +0.99683440  -0.03247223  +0.10406838  +0.02481191  +0.99426061 +13.98282528  -2.16149688  -9.99585247 
     204    1.4859  +0.99550819  -0.06238623  -0.07121351  +0.05719788  +0.99571180  -0.07270736  +0.07544407  +0.06830752  +0.99480766 +11.50162983  +1.33622921 -10.72401905 
     205    1.5565  +0.99243933  -0.03786097  -0.11675076  +0.02386556  +0.99260479  -0.11902162  +0.12039364  +0.11533541  +0.98600358 +12.85321331  +5.85744429 -15.16901970 
     206    1.3763  +0.98909736  -0.07019801  -0.12945522  +0.05085575  +0.98781508  -0.14708842  +0.13820314  +0.13890123  +0.98061526 +15.50612831  +6.23107100 -17.13066101 
     207    1.3300  +0.98641139  -0.06484655  -0.15095510  +0.05897586  +0.99733061  -0.04305236  +0.15334393  +0.03356463  +0.98760265 +16.89202118  -0.46720114 -12.47059822 
     208    1.3784  +0.99194157  -0.05128094  -0.11585408  +0.04170624  +0.99562550  -0.08360916  +0.11963484  +0.07810356  +0.98974103 +13.62100029  +2.75628734 -12.97830296 
     209    1.3497  +0.98875910  -0.07354439  -0.13017955  +0.05539149  +0.98888892  -0.13795091  +0.13887863  +0.12918939  +0.98184663 +16.28970146  +5.11781025 -16.45848274 
     210    1.3184  +0.97817272  -0.13089798  -0.16138099  +0.11099325  +0.98570442  -0.12675689  +0.17566617  +0.10607793  +0.97871798 +21.82959175  +1.74462354 -17.09202194 
     211    1.4687  +0.97972107  -0.08994856  -0.17904171  +0.07416428  +0.99290073  -0.09299336  +0.18613528  +0.07782905  +0.97943670 +20.55585670  +1.32913756 -16.27648735 
     212    1.4274  +0.98079252  -0.07138960  -0.18152004  +0.05108315  +0.99214530  -0.11418511  +0.18824589  +0.10271928  +0.97673547 +19.55440331  +4.08338404 -17.58833885 
     213    1.4202  +0.98711902  -0.02222960  -0.15843563  +0.01117219  +0.99746031  -0.07034313  +0.15959695  +0.06766697  +0.98486042 +15.63631153  +3.12859917 -14.32392693 
     214    1.4251  +0.96881413  -0.02644716  -0.24637312  +0.02065192  +0.99944657  -0.02607691  +0.24692644  +0.02017560  +0.96882415 +22.13016891  -0.44656637 -15.53330040 
     215    1.3917  +0.98195410  -0.00937400  -0.18888693  +0.00505667  +0.99971515  -0.02332565  +0.18905178  +0.02194958  +0.98172176 +17.25664139  +0.18619496 -13.52289104 
     216    1.5117  +0.97751331  +0.03536628  -0.20788699  -0.04949426  +0.99677569  -0.06315470  +0.20498316  +0.07202377  +0.97611195 +16.03313637  +5.76493502 -16.74650764 
     217    1.5010  +0.98900372  -0.00252833  -0.14786899  -0.01066110  +0.99603367  -0.08833607  +0.14750585  +0.08894116  +0.98505408 +14.28919983  +5.04219294 -15.18947601 
     218    1.5804  +0.97602665  +0.01048402  -0.21739827  -0.02733774  +0.99683404  -0.07466263  +0.21592723  +0.07881590  +0.97322327 +18.12696457  +5.31585121 -17.91376114 
     219    1.6939  +0.99099457  -0.04259454  -0.12694657  +0.03111140  +0.99535519  -0.09110504  +0.13023750  +0.08633512  +0.98771679 +15.07536793  +3.03441572 -14.54257584 
     220    1.6383  +0.98774874  -0.02141175  -0.15457678  +0.02233663  +0.99974149  +0.00424880  +0.15444584  -0.00764947  +0.98797166 +15.79035854  -2.30430341 -10.48173046 
     221    1.6358  +0.97344816  -0.05851702  -0.22130179  +0.04359608  +0.99647152  -0.07172117  +0.22471784  +0.06016894  +0.97256446 +22.88923454  +0.94819695 -17.31227875 
     222    1.4700  +0.96503985  -0.09124021  -0.24570979  +0.07217709  +0.99371856  -0.08552092  +0.25196934  +0.06479648  +0.96556348 +26.82628441  +0.23462002 -18.40046883 
     223    1.4988  +0.97661775  -0.04765235  -0.20963538  +0.04077252  +0.99848241  -0.03702074  +0.21108136  +0.02760775  +0.97707856 +21.92016983  -0.92451960 -14.79308510 
     224    1.4718  +0.98319006  -0.08351659  -0.16236468  +0.07897009  +0.99628782  -0.03426824  +0.16462392  +0.02087024  +0.98613560 +21.13540649  -3.27387905 -12.34132385 
     225    1.5958  +0.99037594  -0.08023334  -0.11277489  +0.07684995  +0.99646133  -0.03404198  +0.11510712  +0.02504761  +0.99303722 +17.54876900  -3.05657959 -10.36346149 
     226    1.5720  +0.98816490  -0.10509808  -0.11173391  +0.10898532  +0.99361283  +0.02925408  +0.10794570  -0.04108521  +0.99330747 +19.11980247  -8.49056053  -6.15791368 
     227    1.5966  +0.98921674  -0.05681279  -0.13499090  +0.06336512  +0.99698681  +0.04474554  +0.13204202  -0.05281675  +0.98983598 +17.44397163  -7.04818249  -7.04336643 
