       1    0.0000  +1.00000000  +0.00000000  -0.00000000  -0.00000000  +1.00000000  -0.00000000  +0.00000000  -0.00000000  +1.00000000  -0.00000000  +0.00000000  +0.00000000 
       2    0.6233  +0.99995679  +0.00780379  -0.00505026  -0.00777371  +0.99995208  +0.00594948  +0.00509644  -0.00590997  +0.99996954  -0.29384694  -0.00841063  -0.13558125 
       3    0.6886  +0.99981648  +0.01809024  -0.00630220  -0.01813211  +0.99981350  -0.00665089  +0.00618070  +0.00676394  +0.99995804  -0.68980557  +0.98427564  -0.49311647 
       4    0.8320  +0.99980599  +0.01748629  -0.00906645  -0.01749667  +0.99984634  -0.00106720  +0.00904640  +0.00122562  +0.99995834  -0.38923067  +0.61916792  -0.42975852 
       5    0.8862  +0.99984491  +0.01025737  -0.01431566  -0.01024078  +0.99994683  +0.00123150  +0.01432753  -0.00108471  +0.99989676  -0.07043715  +0.23267105  -0.64879715 
       6    0.7834  +0.99960053  +0.02718194  -0.00774476  -0.02729218  +0.99952227  -0.01450299  +0.00734684  +0.01470857  +0.99986482  -1.25724971  +1.71771383  -1.02293420 
       7    0.7923  +0.99959266  +0.02423993  -0.01506392  -0.02439913  +0.99964738  -0.01047580  +0.01480468  +0.01083908  +0.99983168  -0.69719028  +1.60765183  -1.21866107 
       8    0.8453  +0.99941140  +0.03379060  -0.00592077  -0.03381425  +0.99942034  -0.00394056  +0.00578418  +0.00413845  +0.99997473  -1.44469297  +1.70678818  -0.45232779 
       9    0.9177  +0.99892801  +0.04502374  -0.01075334  -0.04534912  +0.99845141  -0.03222166  +0.00928594  +0.03267477  +0.99942291  -1.88553548  +3.76957965  -1.90883648 
      10    0.9785  +0.99721169  +0.07340308  -0.01344782  -0.07374900  +0.99690193  -0.02734222  +0.01139915  +0.02825774  +0.99953568  -3.00222921  +4.90794802  -1.60562813 
      11    0.9694  +0.99782342  +0.06573866  -0.00517852  -0.06586739  +0.99735397  -0.03076613  +0.00314229  +0.03104026  +0.99951321  -3.33044362  +4.79060125  -1.73062575 
      12    0.9941  +0.99770522  +0.06758999  +0.00398387  -0.06739322  +0.99701744  -0.03760887  -0.00651397  +0.03725408  +0.99928457  -4.15167522  +5.34766102  -1.47728920 
      13    0.8986  +0.99713808  +0.07534906  +0.00617285  -0.07507461  +0.99650562  -0.03661099  -0.00890989  +0.03604279  +0.99931055  -4.72945881  +5.73816299  -1.31598997 
      14    1.0037  +0.99686378  +0.07912581  -0.00131759  -0.07913078  +0.99644530  -0.02889835  -0.00097370  +0.02891197  +0.99958152  -4.38955116  +5.61849928  -1.26473570 
      15    0.9127  +0.99699968  +0.07736934  +0.00235994  -0.07725263  +0.99648452  -0.03241280  -0.00485940  +0.03213325  +0.99947178  -4.65947437  +5.70620632  -1.52198565 
      16    0.8764  +0.99730819  +0.07325727  +0.00311553  -0.07296225  +0.99571103  -0.05688614  -0.00726949  +0.05650570  +0.99837583  -4.82851982  +6.95077848  -2.20956278 
      17    0.8730  +0.99623424  +0.08519644  +0.01609191  -0.08416417  +0.99484569  -0.05655499  -0.02082725  +0.05498765  +0.99826980  -6.01020050  +7.34946299  -1.62229609 
      18    0.8809  +0.99535626  +0.09593122  +0.00794201  -0.09514537  +0.99299848  -0.07000981  -0.01460253  +0.06892906  +0.99751467  -6.22365856  +8.70468235  -2.35209036 
      19    0.8638  +0.99513304  +0.09732573  +0.01542530  -0.09596235  +0.99272287  -0.07274972  -0.02239347  +0.07091540  +0.99723095  -6.86139536  +8.88784313  -1.98704362 
      20    0.9275  +0.99622822  +0.08673320  -0.00259401  -0.08670513  +0.99384254  -0.06898746  -0.00340547  +0.06895217  +0.99761415  -5.24116468  +8.29530430  -2.62061906 
      21    0.9363  +0.99734575  +0.07281074  +0.00012158  -0.07268188  +0.99567723  -0.05782860  -0.00433160  +0.05766628  +0.99832654  -4.89005232  +7.17496777  -1.77817965 
      22    0.9937  +0.99841434  +0.05589882  -0.00664135  -0.05618225  +0.99687147  -0.05559570  +0.00351284  +0.05588067  +0.99843127  -3.64382625  +6.01938391  -2.23725486 
      23    1.0053  +0.99867028  +0.05146749  +0.00296300  -0.05121930  +0.99709749  -0.05633068  -0.00585360  +0.05610402  +0.99840778  -3.81737471  +5.66735125  -1.76467454 
      24    0.9400  +0.99874526  +0.04960753  -0.00685860  -0.04992148  +0.99708247  -0.05774397  +0.00397406  +0.05801390  +0.99830788  -3.11138058  +5.82918406  -2.60061741 
      25    0.9733  +0.99819851  +0.05999119  -0.00089051  -0.05994466  +0.99658018  -0.05687342  -0.00252444  +0.05682435  +0.99838102  -4.01331568  +6.13756609  -2.15362978 
      26    1.0420  +0.99785161  +0.06550279  -0.00126157  -0.06543148  +0.99542403  -0.06964014  -0.00330583  +0.06957307  +0.99757141  -4.23339844  +7.13433456  -2.57289577 
      27    1.0693  +0.99870938  +0.05076870  +0.00145478  -0.05051024  +0.99580950  -0.07623725  -0.00531915  +0.07606538  +0.99708867  -3.84072971  +6.68616724  -2.71058011 
      28    0.9804  +0.99804199  +0.06127899  -0.01253508  -0.06214339  +0.99422646  -0.08747544  +0.00710231  +0.08808313  +0.99608779  -3.54583836  +7.67083693  -3.81190467 
      29    1.1912  +0.99681932  +0.07778631  -0.01733648  -0.07901974  +0.99296057  -0.08823363  +0.01035107  +0.08932290  +0.99594891  -4.18232584  +8.16931820  -3.94935346 
      30    1.0476  +0.99757296  +0.06857733  -0.01205747  -0.06941497  +0.99305362  -0.09500542  +0.00545850  +0.09561181  +0.99540371  -3.87958169  +7.93891144  -3.63648844 
      31    0.9975  +0.99789315  +0.06290712  -0.01587262  -0.06413652  +0.99339944  -0.09510008  +0.00978538  +0.09591772  +0.99534118  -3.63620472  +7.52698898  -3.80058050 
      32    1.0475  +0.99735916  +0.07112711  -0.01468691  -0.07215423  +0.99343801  -0.08873923  +0.00827877  +0.08956461  +0.99594659  -3.86770988  +7.53929472  -3.47346377 
      33    0.9531  +0.99713874  +0.06137748  -0.04412626  -0.06498797  +0.99420154  -0.08567317  +0.03861200  +0.08829571  +0.99534565  -1.92925918  +6.90694666  -4.88511229 
      34    1.0526  +0.99669486  +0.07149037  -0.03858070  -0.07475860  +0.99301851  -0.09124368  +0.03178830  +0.09382635  +0.99508095  -2.58371973  +7.74892616  -4.75309610 
      35    1.0176  +0.99720293  +0.06321647  -0.03987481  -0.06695356  +0.99266642  -0.10065062  +0.03321961  +0.10303885  +0.99412245  -2.22429729  +7.81774521  -5.29409456 
      36    1.0394  +0.99611890  +0.07215013  -0.05041306  -0.07732451  +0.99096102  -0.10962310  +0.04204805  +0.11309581  +0.99269396  -1.71879888  +8.96070671  -5.91472435 
      37    1.0946  +0.99625623  +0.06779416  -0.05364254  -0.07406687  +0.98936152  -0.12521121  +0.04458327  +0.12871557  +0.99067885  -1.66932929  +9.75225639  -6.76208210 
      38    1.0807  +0.99732590  +0.05078169  -0.05255753  -0.05673807  +0.99128848  -0.11886094  +0.04606371  +0.12152510  +0.99151891  -1.11698365  +8.67957497  -6.27207327 
      39    1.1691  +0.99717695  +0.06396055  -0.03933489  -0.06772300  +0.99234915  -0.10323185  +0.03243118  +0.10560429  +0.99387926  -2.09787774  +8.41585255  -4.83898163 
      40    1.0284  +0.99724174  +0.06213833  -0.04059187  -0.06608223  +0.99233758  -0.10439934  +0.03379364  +0.10679378  +0.99370676  -2.01703620  +8.29992580  -4.97674656 
      41    1.0819  +0.99846655  +0.04373075  -0.03394440  -0.04708178  +0.99333841  -0.10517652  +0.02911883  +0.10661341  +0.99387407  -1.78982520  +7.63232946  -4.61101341 
      42    1.0477  +0.99913847  +0.02099751  -0.03579698  -0.02431015  +0.99520242  -0.09476869  +0.03363533  +0.09555727  +0.99485552  -0.77069801  +5.79046202  -4.04401398 
      43    1.0108  +0.99943620  +0.00419855  -0.03331212  -0.00738600  +0.99533975  -0.09614671  +0.03275320  +0.09633855  +0.99480957  -0.33654711  +5.22856569  -4.24272203 
      44    1.0736  +0.99915880  +0.01348484  -0.03872740  -0.01771392  +0.99365985  -0.11102416  +0.03698472  +0.11161678  +0.99306285  -0.28688496  +6.28996229  -5.63580036 
      45    1.0332  +0.99939573  -0.00591613  -0.03425089  +0.00171343  +0.99259549  -0.12145478  +0.03471582  +0.12132270  +0.99200583  +0.54237330  +5.59172583  -5.85990047 
      46    1.1363  +0.99909776  -0.01180867  -0.04079485  +0.00711077  +0.99351937  -0.11344042  +0.04187005  +0.11304799  +0.99270695  +1.16125917  +4.75374460  -6.02582836 
      47    1.0828  +0.99934387  -0.01492038  -0.03300342  +0.01109109  +0.99349803  -0.11330798  +0.03447944  +0.11286759  +0.99301159  +0.98052740  +4.75645065  -5.59187746 
      48    1.1840  +0.99920720  -0.01108698  -0.03823696  +0.00699381  +0.99438781  -0.10556521  +0.03919276  +0.10521409  +0.99367696  +0.86178696  +4.62768984  -5.38077450 
      49    1.1842  +0.99874854  +0.01567350  -0.04749434  -0.02124887  +0.99263561  -0.11926056  +0.04527535  +0.12012051  +0.99172640  -0.30124858  +6.84244967  -6.22574902 
      50    1.2036  +0.99932009  +0.00268172  -0.03677257  -0.00669747  +0.99396187  -0.10952139  +0.03625683  +0.10969321  +0.99330401  -0.11729953  +5.66429996  -5.65038824 
      51    1.2499  +0.99758750  +0.00772822  -0.06898904  -0.01545022  +0.99357563  -0.11211026  +0.06767942  +0.11290569  +0.99129802  +1.23634005  +6.63177299  -7.24415064 
      52    1.2266  +0.99845976  +0.00139313  -0.05546349  -0.00835792  +0.99205309  -0.12554191  +0.05484783  +0.12581210  +0.99053675  +0.72830981  +6.94632530  -7.28087187 
      53    1.3663  +0.99859416  -0.01158673  -0.05172482  +0.00459284  +0.99106026  -0.13333572  +0.05280734  +0.13291071  +0.98972023  +1.28099012  +6.48330164  -7.22497988 
      54    1.4837  +0.99814749  -0.00516940  -0.06062096  -0.00353648  +0.98976958  -0.14263125  +0.06073810  +0.14258140  +0.98791772  +1.38813591  +7.32600117  -7.92305708 
      55    1.3793  +0.99751627  +0.00496053  -0.07026180  -0.01458714  +0.99044013  -0.13716979  +0.06890967  +0.13785401  +0.98805249  +1.27334213  +7.68264627  -8.18216705 
      56    1.3502  +0.99721873  +0.01295496  -0.07339605  -0.02265566  +0.99086744  -0.13292271  +0.07100374  +0.13421585  +0.98840505  +1.03672397  +7.90592623  -8.24694824 
      57    1.4927  +0.99768275  +0.01178366  -0.06700981  -0.02181718  +0.98828727  -0.15103744  +0.06444517  +0.15214942  +0.98625422  +0.57272977  +8.60073185  -8.57699776 
      58    1.5322  +0.99826014  +0.00343609  -0.05886340  -0.01255746  +0.98778754  -0.15529987  +0.05761091  +0.15576884  +0.98611212  +0.63407803  +8.38776207  -8.27884960 
      59    1.4527  +0.99756277  +0.03306343  -0.06144357  -0.04182241  +0.98821694  -0.14723498  +0.05585149  +0.14944585  +0.98719126  -0.57284796  +9.15584373  -8.04689884 
      60    1.5200  +0.99663061  +0.05235461  -0.06313836  -0.06118904  +0.98720205  -0.14726853  +0.05462013  +0.15063569  +0.98707926  -1.44291210  +9.90293026  -7.90023565 
      61    1.5456  +0.99715883  +0.05416352  -0.05235094  -0.06131362  +0.98732913  -0.14636205  +0.04376012  +0.14915603  +0.98784488  -2.16233587  +9.75433540  -7.23485136 
      62    1.4918  +0.99703181  +0.04751658  -0.06057826  -0.05678655  +0.98517698  -0.16186926  +0.05198884  +0.16482884  +0.98495108  -1.29684341 +10.41369629  -8.68524551 
      63    1.4331  +0.99644798  +0.06115818  -0.05788890  -0.06983668  +0.98427647  -0.16224267  +0.04705622  +0.16570915  +0.98505139  -2.27760315 +10.98961258  -8.48234463 
      64    1.4736  +0.99934959  +0.02405507  -0.02686502  -0.02789156  +0.98782784  -0.15303011  +0.02285687  +0.15367989  +0.98785627  -2.30850649  +8.35905457  -6.85543633 
      65    1.4050  +0.99921721  +0.01451653  -0.03679976  -0.01997370  +0.98809141  -0.15256624  +0.03414680  +0.15318185  +0.98760790  -0.93016875  +8.06760979  -7.35141039 
      66    1.3095  +0.99961191  +0.00518342  -0.02737137  -0.00895502  +0.99017781  -0.13952672  +0.02637930  +0.13971768  +0.98983991  -0.96552271  +6.74717617  -5.96560621 
      67    1.2979  +0.99957573  +0.00263502  -0.02900616  -0.00662966  +0.99034059  -0.13849761  +0.02836104  +0.13863115  +0.98993790  -0.85513312  +6.57849693  -6.09002686 
      68    1.2352  +0.99931377  +0.00007964  -0.03703972  -0.00537824  +0.98971182  -0.14297417  +0.03664726  +0.14307526  +0.98903310  -0.15994532  +7.13562536  -6.47860956 
      69    1.4367  +0.99922615  +0.00282497  -0.03923199  -0.00835739  +0.98989141  -0.14158094  +0.03843545  +0.14179924  +0.98914897  -0.42924473  +7.50394297  -6.63891029 
      70    1.4333  +0.99874860  +0.02823407  -0.04128007  -0.03390332  +0.98902351  -0.14381610  +0.03676645  +0.14503565  +0.98874307  -1.57178938  +8.61067677  -6.40112925 
      71    1.3024  +0.99824071  +0.02930625  -0.05154202  -0.03691556  +0.98745817  -0.15350428  +0.04639696  +0.15513694  +0.98680282  -0.86476439  +9.48753071  -7.39043617 
      72    1.3627  +0.99868673  +0.01847540  -0.04778606  -0.02461333  +0.99104619  -0.13123134  +0.04493364  +0.13223517  +0.99019939  -0.72027379  +7.60342598  -6.55839252 
      73    1.2497  +0.99832571  +0.02154560  -0.05368074  -0.02988137  +0.98671585  -0.15968400  +0.04952715  +0.16102070  +0.98570758  -0.65954882  +9.52139187  -7.57140255 
      74    1.2790  +0.99840611  +0.02060321  -0.05254296  -0.02875855  +0.98677468  -0.15952626  +0.04856131  +0.16078305  +0.98579443  -0.67384440  +9.34473515  -7.07580137 
      75    1.2999  +0.99841994  +0.03345070  -0.04515102  -0.04017726  +0.98671478  -0.15741564  +0.03928551  +0.15898097  +0.98649973  -1.64143705 +10.24845028  -6.76704788 
      76    1.3373  +0.99802399  +0.03444327  -0.05255288  -0.04295398  +0.98441297  -0.17054637  +0.04585956  +0.17246673  +0.98394722  -1.17738736 +10.95697594  -7.77796125 
      77    1.3629  +0.99780715  +0.02553510  -0.06106459  -0.03482737  +0.98709261  -0.15631783  +0.05628482  +0.15810177  +0.98581737  -0.30269432  +9.64720726  -7.83930302 
      78    1.4496  +0.99858624  +0.02044236  -0.04906775  -0.02757408  +0.98839456  -0.14938492  +0.04544452  +0.15052672  +0.98756087  -0.66446644  +9.19244957  -7.23574877 
      79    1.3041  +0.99841154  +0.01464687  -0.05440433  -0.02176626  +0.99092132  -0.13266927  +0.05196722  +0.13364270  +0.98966610  -0.03369648  +8.10714817  -6.91408253 
      80    1.2784  +0.99847400  +0.01627528  -0.05277098  -0.02391699  +0.98876035  -0.14758381  +0.04977588  +0.14862071  +0.98764074  -0.37246183  +8.98018456  -7.30656528 
      81    1.2289  +0.99805778  +0.02555044  -0.05681422  -0.03292476  +0.99058145  -0.13290726  +0.05288328  +0.13451971  +0.98949879  -0.36222303  +8.65586281  -6.86620235 
      82    1.1935  +0.99723011  +0.02980018  -0.06814715  -0.04039236  +0.98632789  -0.15976794  +0.06245431  +0.16207802  +0.98479956  +0.08718820 +10.48910522  -8.57598782 
      83    1.2561  +0.99707299  +0.04108506  -0.06447871  -0.05030361  +0.98762095  -0.14857477  +0.05757632  +0.15138340  +0.98679686  -0.56614101 +10.20174694  -7.74953270 
      84    1.2629  +0.99680263  +0.03975895  -0.06930947  -0.04962100  +0.98789966  -0.14694226  +0.06262854  +0.14991163  +0.98671383  -0.27526248  +9.84374428  -8.08944130 
      85    1.3718  +0.99676269  +0.06006427  -0.05344545  -0.06852828  +0.98234886  -0.17405349  +0.04204768  +0.17715256  +0.98328477  -2.27888060 +12.51691151  -8.05003643 
      86    1.4222  +0.99770355  +0.06074719  -0.02995765  -0.06527167  +0.98043722  -0.18569447  +0.01809118  +0.18722340  +0.98215073  -3.56545043 +12.90829182  -7.40303326 
      87    1.4529  +0.99837524  +0.05131030  -0.02478138  -0.05488439  +0.98282558  -0.17618634  +0.01531560  +0.17726019  +0.98404485  -3.43321395 +11.81010342  -7.05975294 
      88    1.3970  +0.99803710  +0.05865331  -0.02194944  -0.06152163  +0.98377353  -0.16853696  +0.01170802  +0.16955650  +0.98545092  -3.65922236 +11.58823586  -6.62537193 
      89    1.4156  +0.99909335  +0.04209625  -0.00635688  -0.04256775  +0.98530334  -0.16542469  -0.00070030  +0.16554530  +0.98620194  -3.55445337 +10.17767143  -5.85869932 
      90    1.4480  +0.99955767  +0.02757723  -0.01113303  -0.02897162  +0.98746735  -0.15514144  +0.00671513  +0.15539536  +0.98782951  -2.47481084  +8.76131439  -5.82631826 
      91    1.4132  +0.99817008  +0.04396011  -0.04152063  -0.05019074  +0.98527604  -0.16343811  +0.03372453  +0.16522299  +0.98567945  -1.52225721 +10.12209511  -7.41438675 
      92    1.6014  +0.99774009  +0.05213298  -0.04238967  -0.05846572  +0.98450285  -0.16533566  +0.03311331  +0.16744035  +0.98532593  -2.04307628 +11.03373432  -7.53491068 
      93    1.3929  +0.99683464  +0.03344806  -0.07212466  -0.04418376  +0.98726654  -0.15281533  +0.06609489  +0.15551834  +0.98561937  +0.54164350  +9.29641247  -8.41434193 
      94    1.3555  +0.99858552  +0.02052094  -0.04904995  -0.02816422  +0.98661542  -0.16061394  +0.04509749  +0.16176820  +0.98579776  -0.26885334  +8.86723518  -7.62607479 
      95    1.4258  +0.99761677  +0.03132621  -0.06147679  -0.04067778  +0.98671114  -0.15731007  +0.05573190  +0.15943590  +0.98563391  -0.10690622  +9.18549156  -7.91028404 
      96    1.3922  +0.99740463  +0.02853672  -0.06610297  -0.03870567  +0.98666894  -0.15807034  +0.06071094  +0.16021866  +0.98521274  +0.27878684  +9.18292046  -8.41902447 
      97    1.6246  +0.99748975  +0.01964400  -0.06803147  -0.03023138  +0.98693091  -0.15828295  +0.06403305  +0.15994230  +0.98504734  +0.81214732  +8.79714489  -8.47387695 
      98    1.4085  +0.99771869  +0.01594021  -0.06560004  -0.02606857  +0.98732287  -0.15656950  +0.06227266  +0.15792240  +0.98548597  +1.04289246  +8.76822472  -8.24438190 
      99    1.3949  +0.99793386  +0.02623346  -0.05864991  -0.03562078  +0.98561019  -0.16523832  +0.05347117  +0.16698608  +0.98450822  -0.14866291  +9.84557152  -8.38152790 
     100    1.3080  +0.99752182  +0.03814278  -0.05912189  -0.04678471  +0.98720044  -0.15246813  +0.05254960  +0.15485628  +0.98653841  -0.57064468  +9.28769779  -7.72263622 
     101    1.3045  +0.99505121  +0.07479836  -0.06540873  -0.08343495  +0.98645675  -0.14121521  +0.05396022  +0.14597374  +0.98781574  -2.36595201 +10.48412323  -7.62232971 
     102    1.2057  +0.99482918  +0.06480110  -0.07820287  -0.07589946  +0.98599482  -0.14850421  +0.06748438  +0.15367189  +0.98581481  -1.08442974 +10.50062084  -8.56273937 
     103    1.2865  +0.99275148  +0.07971352  -0.08994553  -0.09327701  +0.98296261  -0.15837896  +0.07578816  +0.16562080  +0.98327303  -0.88345355 +12.30666447  -9.42610741 
     104    1.2922  +0.99319845  +0.06982590  -0.09317276  -0.08611248  +0.97911596  -0.18416457  +0.07836748  +0.19093530  +0.97846931  -0.23144504 +13.61412239 -10.40945911 
     105    1.2776  +0.99415183  +0.07259247  -0.07995299  -0.08426344  +0.98448795  -0.15389344  +0.06754125  +0.15973055  +0.98484737  -0.96263826 +11.47372341  -8.50676441 
     106    1.3875  +0.99357557  +0.08420977  -0.07560608  -0.09706657  +0.97760028  -0.18675044  +0.05818631  +0.19288950  +0.97949374  -1.73021996 +14.33501434  -9.52678204 
     107    1.3924  +0.99272758  +0.10455346  -0.05966993  -0.11419408  +0.97474998  -0.19189106  +0.03810039  +0.19730951  +0.97960061  -3.40732145 +15.34925842  -8.51884937 
     108    1.4136  +0.99239892  +0.10538838  -0.06354301  -0.11610366  +0.97298580  -0.19954601  +0.04079661  +0.20540681  +0.97782600  -3.35598135 +15.83598423  -8.98824406 
     109    1.3701  +0.99344385  +0.09423786  -0.06471895  -0.10628460  +0.96986032  -0.21925911  +0.04210583  +0.22470024  +0.97351778  -2.62316966 +16.55776596  -9.91545868 
     110    1.3591  +0.99259889  +0.09534924  -0.07520629  -0.10963317  +0.96993893  -0.21725327  +0.05223058  +0.22389045  +0.97321379  -2.03951335 +16.62611961 -10.59817123 
     111    1.2659  +0.99236166  +0.10940661  -0.05699542  -0.11935869  +0.96828467  -0.21949567  +0.03117352  +0.22462198  +0.97394723  -3.66522717 +17.26880455  -9.38721848 
     112    1.2070  +0.99285537  +0.10574509  -0.05528281  -0.11490110  +0.97222602  -0.20389771  +0.03218620  +0.20879300  +0.97743005  -3.59279156 +16.06783295  -8.95811367 
     113    1.2001  +0.99139422  +0.11371201  -0.06486227  -0.12523830  +0.96810287  -0.21700741  +0.03811700  +0.22326313  +0.97401267  -3.48682785 +17.42834473  -9.57827950 
     114    1.3059  +0.99078101  +0.11476165  -0.07199176  -0.12575573  +0.97673786  -0.17369115  +0.05038399  +0.18114327  +0.98216522  -3.44948983 +14.76969337  -8.04177475 
     115    1.2634  +0.99143136  +0.11946280  -0.05284412  -0.12736379  +0.97390312  -0.18785940  +0.02902284  +0.19298014  +0.98077333  -4.60201263 +15.65976524  -7.52310801 
     116    1.2822  +0.99249083  +0.11278396  -0.04734709  -0.11965092  +0.97556818  -0.18425635  +0.02540916  +0.18853785  +0.98173714  -4.66100121 +15.09474945  -7.03513622 
     117    1.1679  +0.99360031  +0.10551205  -0.04031859  -0.11104137  +0.97783023  -0.17753258  +0.02069291  +0.18087347  +0.98328865  -4.62123203 +14.22473526  -6.31838083 
     118    1.2096  +0.99452281  +0.08659592  -0.05852785  -0.09601659  +0.97817528  -0.18426597  +0.04129381  +0.18887636  +0.98113227  -2.96652627 +13.92236614  -7.77841043 
     119    1.3570  +0.99565727  +0.07617383  -0.05351829  -0.08559329  +0.97512460  -0.20446463  +0.03661214  +0.20815749  +0.97740984  -2.57189584 +14.67474937  -8.15603447 
     120    1.2422  +0.99320227  +0.09609169  -0.06569384  -0.10697863  +0.97597963  -0.18978766  +0.04587884  +0.19552538  +0.97962493  -2.95916414 +15.15756321  -8.11876011 
     121    1.2730  +0.99555087  +0.07706356  -0.05421896  -0.08587068  +0.97891068  -0.18536465  +0.03879066  +0.18919575  +0.98117292  -2.65288472 +13.49458504  -7.52384186 
     122    1.2849  +0.99675226  +0.06392264  -0.04897817  -0.07175951  +0.98104882  -0.17998272  +0.03654500  +0.18291284  +0.98244965  -2.71500754 +12.93611336  -6.85019970 
     123    1.2772  +0.99627602  +0.06664671  -0.05470195  -0.07594613  +0.97868693  -0.19079843  +0.04082000  +0.19424230  +0.98010391  -2.37986994 +13.61847401  -7.94769144 
     124    1.3865  +0.99712765  +0.06968998  -0.02965998  -0.07400726  +0.97977507  -0.18591315  +0.01610383  +0.18757419  +0.98211843  -4.07007790 +13.04716682  -6.51106787 
     125    1.4328  +0.99604791  +0.08087770  -0.03670574  -0.08621737  +0.97971976  -0.18087485  +0.02133259  +0.18332469  +0.98282093  -4.06863976 +13.31842327  -6.58478308 
     126    1.4716  +0.99534547  +0.09113071  -0.03134650  -0.09520034  +0.98033410  -0.17286400  +0.01497682  +0.17504361  +0.98444676  -4.73149729 +13.08690166  -5.86113358 
     127    1.5055  +0.99495685  +0.08324460  -0.05595693  -0.09087946  +0.98424041  -0.15169606  +0.04244720  +0.15601636  +0.98684198  -2.70760679 +10.81310081  -6.25219154 
     128    1.7399  +0.99300331  +0.11267968  -0.03532301  -0.11703638  +0.97891426  -0.16741952  +0.01571342  +0.17038222  +0.98525274  -5.28854561 +12.83719540  -5.28928518 
     129    1.5970  +0.99521416  +0.09686676  -0.01286798  -0.09766563  +0.98172224  -0.16334912  -0.00319032  +0.16382411  +0.98648441  -5.42238045 +11.27474499  -3.75753093 
     130    1.5105  +0.99498969  +0.09822874  -0.01861858  -0.09995561  +0.98128116  -0.16460896  +0.00210073  +0.16564524  +0.98618317  -5.28770924 +11.64049625  -3.70803308 
     131    1.5116  +0.99357277  +0.11233712  -0.01390950  -0.11301904  +0.97766191  -0.17721148  -0.00630864  +0.17764455  +0.98407447  -6.15541697 +12.96770000  -3.80384350 
     132    1.4632  +0.98978382  +0.14033891  -0.02515998  -0.14257325  +0.97305560  -0.18120629  -0.00094824  +0.18294220  +0.98312324  -6.79465580 +15.49395466  -4.69560528 
     133    1.4270  +0.99253297  +0.12160130  -0.00956157  -0.12111454  +0.97318220  -0.19557001  -0.01447642  +0.19526772  +0.98064315  -6.79100227 +15.18062210  -4.54894209 
     134    1.3301  +0.99410206  +0.10794733  -0.01041695  -0.10805905  +0.97781324  -0.17945610  -0.00918598  +0.17952332  +0.98371083  -6.16981649 +13.06809044  -4.12869740 
     135    1.3801  +0.99181986  +0.12700947  -0.01272645  -0.12721343  +0.97534168  -0.18034802  -0.01049327  +0.18049173  +0.98352051  -7.19063377 +14.24455357  -4.09774113 
     136    1.4874  +0.99227190  +0.12187283  -0.02331184  -0.12408150  +0.97390056  -0.19005652  -0.00045931  +0.19148031  +0.98149633  -6.39038277 +14.77268314  -5.27989721 
     137    1.4664  +0.99083197  +0.13340373  -0.02134067  -0.13498086  +0.97090065  -0.19781841  -0.00567005  +0.19888540  +0.98000634  -6.97063446 +15.74145985  -5.47218323 
     138    1.3191  +0.99540418  +0.09523038  +0.01008669  -0.09226472  +0.98191541  -0.16531578  -0.02564736  +0.16362536  +0.98618913  -6.80784798 +11.24280739  -2.89375782 
     139    1.2935  +0.99361950  +0.11264275  -0.00564354  -0.11197264  +0.97924399  -0.16894758  -0.01350432  +0.16850154  +0.98560888  -6.92455339 +12.83738327  -4.10866117 
     140    1.3539  +0.99452871  +0.10336868  -0.01508415  -0.10444839  +0.98151004  -0.16040115  -0.00177521  +0.16109906  +0.98693663  -6.12401819 +11.78106499  -4.41921568 
     141    1.3000  +0.99492425  +0.09995869  -0.01157739  -0.10038891  +0.97807139  -0.18247853  -0.00691680  +0.18271455  +0.98314166  -6.33476400 +12.97793007  -4.69583559 
     142    1.3139  +0.99704432  +0.07639460  +0.00815375  -0.07380626  +0.98188776  -0.17449665  -0.02133666  +0.17337909  +0.98462403  -6.02292871 +10.79286766  -3.72841001 
     143    1.1481  +0.99310499  +0.11696023  -0.00792039  -0.11619252  +0.97312194  -0.19882898  -0.01554757  +0.19837835  +0.98000222  -7.21122885 +14.47519493  -4.78863859 
     144    1.2323  +0.98974508  +0.14212152  -0.01435821  -0.14193393  +0.96711761  -0.21104090  -0.01610738  +0.21091460  +0.97737175  -8.01490498 +16.71055222  -5.13750887 
     145    1.2916  +0.98058653  +0.19416654  -0.02737607  -0.19523810  +0.95380306  -0.22834590  -0.01822575  +0.22925776  +0.97319508  -9.74147606 +21.70465851  -5.68415213 
     146    1.3343  +0.98081535  +0.19479509  +0.00748923  -0.18876103  +0.95862561  -0.21308726  -0.04868772  +0.20758557  +0.97700447 -11.53941345 +20.26395416  -3.11761141 
     147    1.2146  +0.97939485  +0.20194608  -0.00186915  -0.19745517  +0.95559007  -0.21876720  -0.04239304  +0.21462853  +0.97577530 -11.28326607 +21.11682701  -3.49166632 
     148    1.1879  +0.98080546  +0.19412184  -0.01836888  -0.19383435  +0.96042490  -0.20003054  -0.02118836  +0.19975156  +0.97961748 -10.32986927 +19.86244583  -3.78431082 
     149    1.1648  +0.98257673  +0.18266328  -0.03430976  -0.18585020  +0.96400934  -0.19012004  -0.00165303  +0.19318400  +0.98116118  -9.10164642 +18.54995918  -4.68904734 
     150    1.2946  +0.98253161  +0.18407953  -0.02732036  -0.18604727  +0.96827674  -0.16681314  -0.00425321  +0.16898204  +0.98560995  -9.50082684 +17.22894287  -3.57539892 
     151    1.3526  +0.98798990  +0.15423192  -0.00940796  -0.15328424  +0.97059858  -0.18558657  -0.01949202  +0.18479975  +0.98258287  -9.54092216 +16.30253601  -3.52323079 
     152    1.3943  +0.98338264  +0.17809770  -0.03521017  -0.18153447  +0.96673155  -0.18020907  +0.00194396  +0.18360633  +0.98299795  -9.08508396 +17.93268013  -4.55130005 
     153    1.5362  +0.98341382  +0.17828780  -0.03332688  -0.18137236  +0.96780181  -0.17453866  +0.00113570  +0.17768830  +0.98408616  -9.32347012 +17.17243385  -4.23265743 
     154    1.4929  +0.98116928  +0.18102041  -0.06736810  -0.19092047  +0.96178001  -0.19628705  +0.02926133  +0.20545277  +0.97822946  -7.27297688 +19.59219933  -7.32817984 
     155    1.4755  +0.98120320  +0.17680082  -0.07734217  -0.18854733  +0.96369857  -0.18903702  +0.04111263  +0.20006639  +0.97891939  -6.77654314 +19.04489899  -7.85374022 
     156    1.3954  +0.99043375  +0.12973054  -0.04702106  -0.13609001  +0.97468126  -0.17741449  +0.02281447  +0.18211640  +0.98301226  -6.22043562 +14.73491859  -5.63703299 
     157    1.4468  +0.99114525  +0.12199008  -0.05243616  -0.12924968  +0.97684652  -0.17048575  +0.03042451  +0.17575349  +0.98396397  -5.36810160 +13.91193104  -5.63687181 
     158    1.5467  +0.99311459  +0.10500190  -0.05194274  -0.11196012  +0.98121810  -0.15708570  +0.03447286  +0.16181962  +0.98621804  -4.46310997 +12.18065071  -4.98158216 
     159    1.3717  +0.99542791  +0.08845464  -0.03604295  -0.09375926  +0.97692198  -0.19191836  +0.01823508  +0.19442025  +0.98074883  -4.60360384 +13.35800838  -5.61474037 
     160    1.3893  +0.99579817  +0.08204054  -0.04068618  -0.08780690  +0.98154706  -0.16986851  +0.02599929  +0.17272729  +0.98462647  -3.95022726 +11.34134865  -4.78161621 
     161    1.4531  +0.99469388  +0.09285183  -0.04430105  -0.09904224  +0.98076791  -0.16818140  +0.02783309  +0.17167670  +0.98476011  -4.62047625 +11.71291542  -4.72839308 
     162    1.2996  +0.99702817  +0.07181825  -0.02787432  -0.07558487  +0.98188680  -0.17373887  +0.01489180  +0.17532943  +0.98439717  -4.38436317 +10.91171551  -4.22954416 
     163    1.2523  +0.99131191  +0.12597236  -0.03783694  -0.13012043  +0.98125261  -0.14216876  +0.01921827  +0.14585695  +0.98911899  -6.39010811 +12.72084713  -3.00243449 
     164    1.2598  +0.99269420  +0.11976349  -0.01466039  -0.12054422  +0.97915202  -0.16349418  -0.00522589  +0.16406696  +0.98643535  -7.14051008 +13.42467022  -2.60010862 
     165    1.3026  +0.99526131  +0.09577157  -0.01681412  -0.09713114  +0.98724979  -0.12610857  +0.00452212  +0.12714416  +0.99187392  -5.97991371  +9.76859760  -1.39570868 
     166    1.3319  +0.99836153  +0.04982528  -0.02813774  -0.05329317  +0.98869276  -0.14016575  +0.02083578  +0.14143564  +0.98972815  -2.89868498  +7.95552921  -2.44742608 
     167    1.3308  +0.99433184  +0.10156498  -0.03144398  -0.10498092  +0.98468834  -0.13916871  +0.01682786  +0.14168090  +0.98976934  -5.01397848 +10.69324303  -2.13959575 
     168    1.5644  +0.99714565  +0.07034332  -0.02743025  -0.07370799  +0.98566693  -0.15174919  +0.01636255  +0.15333788  +0.98803836  -3.42330599  +9.53487396  -2.88681746 
     169    1.6611  +0.99250633  +0.12184246  -0.00925366  -0.12192752  +0.98251069  -0.14073528  -0.00805571  +0.14080894  +0.99000400  -6.75048304 +11.61243534  -1.05445540 
     170    1.6659  +0.99110430  +0.13057190  -0.02575225  -0.13308267  +0.97074533  -0.19985634  -0.00109674  +0.20150566  +0.97948676  -6.56664038 +15.38141441  -4.04777718 
     171    1.6365  +0.98826528  +0.15074994  -0.02462143  -0.15254506  +0.96575713  -0.20986471  -0.00785877  +0.21115787  +0.97742039  -7.39750576 +17.05369186  -3.76715302 
     172    1.5344  +0.98662150  +0.15894419  -0.03625905  -0.16302083  +0.96388513  -0.21059360  +0.00147693  +0.21368715  +0.97690105  -7.02753830 +17.55134773  -4.64840889 
     173    1.5576  +0.98487377  +0.17314889  +0.00656389  -0.16859159  +0.96632206  -0.19441859  -0.04000619  +0.19037117  +0.98089671 -10.06302643 +16.52904701  -1.07994199 
     174    1.4830  +0.98664469  +0.15757182  -0.04127143  -0.16271569  +0.96506542  -0.20535919  +0.00747080  +0.20933206  +0.97781605  -6.68463898 +16.93146896  -4.56360149 
     175    1.3941  +0.97700590  +0.19918288  -0.07606361  -0.20965043  +0.96240789  -0.17267804  +0.03880971  +0.18465422  +0.98203695  -6.53057241 +17.61823082  -4.71931410 
     176    1.4592  +0.98150361  +0.18596530  -0.04547044  -0.19136597  +0.95979357  -0.20536640  +0.00545121  +0.21026936  +0.97762829  -7.87693310 +18.45648003  -3.88657165 
     177    1.5126  +0.97771275  +0.18358971  -0.10184603  -0.20348622  +0.94807595  -0.24442858  +0.05168321  +0.25970519  +0.96430391  -4.37425900 +21.87643623  -8.50854778 
     178    1.5958  +0.97611880  +0.18984511  -0.10559799  -0.20847136  +0.95530671  -0.20959201  +0.06108844  +0.22660087  +0.97207010  -4.41799879 +19.44381523  -7.18862724 
     179    1.4702  +0.96808088  +0.24291769  -0.06172806  -0.25045332  +0.94702083  -0.20105898  +0.00961698  +0.21010137  +0.97763228  -9.16709137 +22.09250641  -3.71506214 
     180    1.4714  +0.96919262  +0.22610591  -0.09768180  -0.24113543  +0.95186353  -0.18923402  +0.05019281  +0.20695876  +0.97706127  -6.24487591 +20.54585457  -5.74585056 
     181    1.4786  +0.97792685  +0.20006602  -0.06027159  -0.20798740  +0.95967746  -0.18910411  +0.02000798  +0.19746572  +0.98010558  -7.12635756 +18.48647499  -3.90481138 
     182    1.3680  +0.98108023  +0.17590177  -0.08087101  -0.18590792  +0.97255057  -0.13994154  +0.05403518  +0.15232845  +0.98685169  -4.95943928 +14.05521679  -3.44207454 
     183    1.4035  +0.98373336  +0.16866726  -0.06180640  -0.17670730  +0.97048229  -0.16413008  +0.03229865  +0.17238188  +0.98450053  -5.71301270 +14.97259521  -2.89709687 
     184    1.3566  +0.99026233  +0.12839249  -0.05381393  -0.13646789  +0.97167075  -0.19295712  +0.02751518  +0.19842203  +0.97973037  -4.26989651 +14.25127316  -3.85635233 
     185    1.2251  +0.98338622  +0.17428811  -0.05074683  -0.17973328  +0.97404355  -0.13760479  +0.02544675  +0.14443953  +0.98918635  -6.52661657 +13.66345024  -1.43603945 
     186    1.2682  +0.97816855  +0.20228739  -0.04760386  -0.20712420  +0.96763968  -0.14412828  +0.01690805  +0.15084167  +0.98841333  -8.14325333 +15.78201294  -1.06018317 
     187    1.3612  +0.97251141  +0.22608045  -0.05575989  -0.23162760  +0.96379536  -0.13208756  +0.02387871  +0.14137217  +0.98966849  -8.23483086 +16.79744530  -1.06538117 
     188    1.3700  +0.98019004  +0.18273900  -0.07638001  -0.19370353  +0.96491402  -0.17725661  +0.04130844  +0.18854025  +0.98119628  -4.96226120 +16.56865692  -4.22157478 
     189    1.4352  +0.99019051  +0.13114360  -0.04820950  -0.13781059  +0.97356153  -0.18217076  +0.02304438  +0.18702754  +0.98208433  -4.00529671 +13.27017879  -3.21158576 
     190    1.5278  +0.99068218  +0.13528125  -0.01574084  -0.13616738  +0.98156822  -0.13409819  -0.00269027  +0.13499208  +0.99084300  -6.03258181 +10.14720249  +0.70153284 
     191    1.6524  +0.98701531  +0.15874600  -0.02450390  -0.16062266  +0.97643512  -0.14413464  +0.00104567  +0.14619899  +0.98925465  -6.44057465 +12.43220901  -0.13660517 
     192    1.6947  +0.99431324  +0.10646053  -0.00270628  -0.10585724  +0.98526341  -0.13435131  -0.01163671  +0.13387378  +0.99093008  -4.71147680  +8.58501148  +0.85006899 
     193    1.6024  +0.98786032  +0.15527606  -0.00462194  -0.15496281  +0.98290938  -0.09937669  -0.01088787  +0.09888651  +0.99503917  -7.07868052 +10.00007629  +2.81628036 
     194    1.5436  +0.98655814  +0.13929279  -0.08544324  -0.14656386  +0.98548096  -0.08571038  +0.07226385  +0.09708116  +0.99264956  -2.11224532  +8.43827248  -1.18287110 
     195    1.5530  +0.98161215  +0.16601194  -0.09422140  -0.17718276  +0.97605759  -0.12616594  +0.07102045  +0.14054042  +0.98752445  -2.63617396 +12.51252270  -3.30237675 
     196    1.5749  +0.98518616  +0.14530747  -0.09107108  -0.15321971  +0.98436332  -0.08690578  +0.07701896  +0.09957226  +0.99204510  -2.09936476  +9.16045189  -1.63184071 
     197    1.4838  +0.98926336  +0.11971962  -0.08381665  -0.12423732  +0.99094516  -0.05091883  +0.07696173  +0.06078529  +0.99517941  -1.82946825  +4.71329832  +0.53640568 
     198    1.3713  +0.98519295  +0.14603251  -0.08982926  -0.15271366  +0.98559916  -0.07261440  +0.07793158  +0.08525736  +0.99330652  -3.01176715  +8.21076584  -0.86872661 
     199    1.4234  +0.98486292  +0.15771791  -0.07190304  -0.16221899  +0.98482120  -0.06174330  +0.06107362  +0.07247272  +0.99549872  -4.51135063  +8.03634834  +0.46319246 
     200    1.6338  +0.98686153  +0.11836702  -0.10997093  -0.12416302  +0.99112809  -0.04742009  +0.10338230  +0.06045138  +0.99280298  -0.14073387  +4.74092865  -0.92425030 
     201    1.4224  +0.99402893  +0.03870140  -0.10202302  -0.04538399  +0.99691647  -0.06401434  +0.09923099  +0.06826232  +0.99272025  +3.58468747  +0.73358536  -1.13893294 
     202    1.4134  +0.99518466  +0.05006598  -0.08426703  -0.05585310  +0.99613565  -0.06778025  +0.08054791  +0.07216043  +0.99413526  +2.17294335  +2.31661868  -0.79377502 
     203    1.3840  +0.99278283  +0.01634750  -0.11880659  -0.02712540  +0.99560159  -0.08967541  +0.11681806  +0.09225088  +0.98885959  +5.95434666  +2.37571216  -3.57986403 
     204    1.3116  +0.99791801  -0.01033826  -0.06366089  +0.00567769  +0.99731874  -0.07295948  +0.06424447  +0.07244613  +0.99530107  +4.12122440  -0.35951287  +0.07954370 
     205    1.3139  +0.99783111  +0.02266865  -0.06179968  -0.02976580  +0.99274969  -0.11645601  +0.05871171  +0.11804295  +0.99127132  +2.47250700  +4.35387278  -1.89855015 
     206    1.3325  +0.99585330  +0.07527364  -0.05108857  -0.08027947  +0.99130237  -0.10428241  +0.04279450  +0.10795135  +0.99323469  -0.96096975  +6.08404875  -0.52911973 
     207    1.2459  +0.99426836  +0.08092804  -0.06986488  -0.08941635  +0.98767900  -0.12843250  +0.05861029  +0.13394344  +0.98925424  -0.17805883  +8.24472332  -3.09571004 
     208    1.2469  +0.98789239  +0.08075403  -0.13246651  -0.09562629  +0.98931581  -0.11004482  +0.12216465  +0.12137973  +0.98505980  +3.43785787  +7.79075432  -6.36968613 
     209    1.3247  +0.99754256  +0.01482083  -0.06847795  -0.02141595  +0.99509251  -0.09660377  +0.06671015  +0.09783288  +0.99296451  +3.15979862  +2.36733198  -2.64366364 
     210    1.4792  +0.99823225  +0.02724695  -0.05282019  -0.02969660  +0.99849248  -0.04616094  +0.05148282  +0.04764792  +0.99753654  +1.63467705  -0.44577160  +0.48171651 
     211    1.4169  +0.99882346  +0.04354045  -0.02135352  -0.04443053  +0.99808019  -0.04314941  +0.01943378  +0.04404739  +0.99884039  -1.09275544  +0.20824522  +2.44129753 
     212    1.4869  +0.99822050  +0.04508760  -0.03902437  -0.04946570  +0.99158198  -0.11965919  +0.03330072  +0.12137662  +0.99204779  -0.33574948  +4.85332489  -2.04608607 
     213    1.5357  +0.99702281  +0.07625628  -0.01142566  -0.07709908  +0.98809755  -0.13311270  +0.00113898  +0.13359730  +0.99103504  -3.56226540  +7.48575974  -0.69959468 
     214    1.6531  +0.99454045  +0.10310126  -0.01610706  -0.10422144  +0.98910791  -0.10393955  +0.00521532  +0.10505079  +0.99445319  -4.49223137  +7.20537090  +0.16634896 
     215    1.5749  +0.99672073  +0.07339922  +0.03406345  -0.06775633  +0.98717541  -0.14454682  -0.04423622  +0.14176479  +0.98891145  -5.60775900  +7.68422842  +0.83149159 
     216    1.5244  +0.99770790  +0.00857910  +0.06712147  -0.00164633  +0.99471438  -0.10266760  -0.06764749  +0.10232177  +0.99244851  -3.84607029  +1.39780354  +4.19918680 
     217    1.5815  +0.99723053  -0.02842930  +0.06872418  +0.03806309  +0.98895955  -0.14321375  -0.06389397  +0.14543298  +0.98730278  -2.03583980  +1.76100147  +1.88250756 
     218    1.4760  +0.99868309  +0.03415452  +0.03828187  -0.02792633  +0.98785913  -0.15282166  -0.04303664  +0.15155134  +0.98751205  -4.08231783  +5.83768034  +0.18224524 
     219    1.5090  +0.99807048  +0.06171393  -0.00683359  -0.06204963  +0.98732227  -0.14609779  -0.00226931  +0.14623992  +0.98924655  -3.23310995  +7.68523598  -1.90088618 
     220    1.5938  +0.99875075  +0.04053219  +0.02922508  -0.03802222  +0.99591911  -0.08184976  -0.03242337  +0.08063631  +0.99621612  -4.29763126  +2.35734987  +2.98288369 
     221    1.7635  +0.99988651  -0.01500427  +0.00136022  +0.01506574  +0.99603671  -0.08765814  -0.00003959  +0.08766868  +0.99614966  +0.44293654  -0.17732477  +0.59362334 
     222    1.6638  +0.99993169  -0.00681000  -0.00949740  +0.00596347  +0.99623609  -0.08647613  +0.01005055  +0.08641359  +0.99620867  +0.44511354  +0.42078039  +0.33357126 
     223    1.7290  +0.99695462  -0.07272893  -0.02814252  +0.07289194  +0.99732822  +0.00480914  +0.02771756  -0.00684586  +0.99959236  +5.54325151  -8.34356117  +4.48361158 
     224    1.7624  +0.99681431  -0.07819489  -0.01571128  +0.07828911  +0.99691570  +0.00547301  +0.01523486  -0.00668559  +0.99986160  +5.16852283  -8.39440250  +4.85055971 
     225    1.8137  +0.99598783  -0.07569683  +0.04773025  +0.07818013  +0.99555570  -0.05250427  -0.04354372  +0.05602517  +0.99747938  +1.21419275  -5.22064209  +4.88423967 
     226    1.7677  +0.99828905  +0.04945109  +0.03120175  -0.04693914  +0.99595147  -0.07666422  -0.03486656  +0.07506847  +0.99656862  -5.47654676  +2.77342248  +3.22185612 
     227    1.5916  +0.99878168  +0.04910799  -0.00485781  -0.04930097  +0.98870808  -0.14151232  -0.00214643  +0.14157940  +0.98992455  -3.87406015  +6.92337322  -2.00082445 
