       1    0.0000  +1.00000000  +0.00000000  -0.00000000  +0.00000000  +1.00000000  +0.00000000  +0.00000000  -0.00000000  +1.00000000  -0.00000000  -0.00000000  +0.00000000 
       2    0.7459  +0.99974149  +0.02124977  -0.00808460  -0.02120407  +0.99975896  +0.00569685  +0.00820370  -0.00552395  +0.99995106  -0.51206434  +0.94156337  -0.33223757 
       3    0.8408  +0.99975312  +0.01708178  -0.01421080  -0.01680918  +0.99967653  +0.01908551  +0.01453222  -0.01884192  +0.99971688  -0.20089126  +0.21474589  -0.08249744 
       4    0.8214  +0.99946940  +0.03089608  -0.01031212  -0.03083360  +0.99950552  +0.00616377  +0.01049746  -0.00584254  +0.99992782  -1.27396274  +1.86253965  -0.23713407 
       5    0.8300  +0.99921399  +0.03808965  -0.01098188  -0.03798011  +0.99922830  +0.01001624  +0.01135492  -0.00959127  +0.99988955  -1.28350818  +2.13369489  +0.12960109 
       6    0.8955  +0.99965572  +0.02190174  -0.01444994  -0.02179251  +0.99973309  +0.00767375  +0.01461415  -0.00735621  +0.99986613  -0.34324878  +1.41170049  -0.48798028 
       7    0.8844  +0.99993700  +0.01111217  -0.00156908  -0.01108882  +0.99983793  +0.01418080  +0.00172641  -0.01416251  +0.99989820  -0.58252954  +0.52778101  +0.62458485 
       8    0.9408  +0.99995816  +0.00208906  +0.00890688  -0.00225992  +0.99981278  +0.01921585  -0.00886507  -0.01923517  +0.99977571  -0.27492288  -0.05208125  +1.39938116 
       9    1.0019  +0.99984801  +0.00146298  +0.01737321  -0.00203626  +0.99945241  +0.03302646  -0.01731538  -0.03305681  +0.99930346  -0.61917943  -0.33396381  +2.36311126 
      10    0.8586  +0.99983215  +0.01454336  +0.01114206  -0.01481681  +0.99958098  +0.02486652  -0.01077575  -0.02502744  +0.99962866  -1.17876315  +0.75700831  +1.48961294 
      11    0.9805  +0.99989486  +0.00138251  +0.01443280  -0.00177275  +0.99963224  +0.02706093  -0.01439008  -0.02708368  +0.99952960  -0.76014662  -0.08515101  +1.59256124 
      12    1.0525  +0.99965775  +0.01060196  +0.02391708  -0.01133559  +0.99946284  +0.03074967  -0.02357822  -0.03101026  +0.99924093  -1.37684548  +0.17453000  +2.46274447 
      13    1.0639  +0.99973571  +0.01481158  +0.01758180  -0.01540811  +0.99929303  +0.03429252  -0.01706144  -0.03455436  +0.99925715  -1.15076268  +0.16313834  +2.30138254 
      14    1.1359  +0.99973023  +0.02316293  +0.00172364  -0.02321491  +0.99884719  +0.04201612  -0.00074844  -0.04204480  +0.99911547  -0.76108086  +0.26065147  +1.64814389 
      15    1.1964  +0.99943674  +0.03351983  -0.00162506  -0.03340981  +0.99838436  +0.04596112  +0.00316305  -0.04588094  +0.99894190  -1.22389090  +0.79141229  +1.70587707 
      16    1.0506  +0.99938977  +0.03341844  -0.01016094  -0.03315200  +0.99912882  +0.02534791  +0.01099917  -0.02499559  +0.99962705  -0.65789342  +1.77613330  +0.32602343 
      17    1.1630  +0.99891049  +0.04571037  -0.00940149  -0.04541684  +0.99853629  +0.02936935  +0.01073021  -0.02891036  +0.99952441  -1.01487470  +2.53321576  +0.70367932 
      18    1.0975  +0.99983001  +0.01760918  -0.00547025  -0.01742909  +0.99935532  +0.03138808  +0.00601944  -0.03128740  +0.99949229  -0.12382095  +0.63943666  +1.10724020 
      19    1.1648  +0.99973607  +0.02214094  -0.00612870  -0.02190099  +0.99908328  +0.03678184  +0.00693746  -0.03663791  +0.99930453  -0.48711634  +0.81218517  +1.15677702 
      20    1.2113  +0.99973798  +0.02289051  -0.00024365  -0.02287098  +0.99922574  +0.03201305  +0.00097626  -0.03199909  +0.99948740  -0.72686177  +0.94250339  +1.07213128 
      21    1.1842  +0.99949354  +0.03181978  +0.00035762  -0.03181878  +0.99918169  +0.02497103  +0.00043725  -0.02496976  +0.99968809  -0.91885918  +2.06275964  +0.46672919 
      22    1.1229  +0.99976003  +0.02135229  +0.00489365  -0.02156552  +0.99858004  +0.04871236  -0.00384659  -0.04880620  +0.99880087  -1.05098474  +0.30907607  +2.25920248 
      23    1.1686  +0.99992073  +0.00524805  +0.01144531  -0.00572382  +0.99910372  +0.04194017  -0.01121495  -0.04200235  +0.99905455  -0.68799227  -0.09559602  +2.65680480 
      24    1.3651  +0.99967468  -0.00967715  +0.02359731  +0.00862538  +0.99898225  +0.04427322  -0.02400173  -0.04405528  +0.99874073  -0.38375631  -0.90106940  +3.50673676 
      25    1.2007  +0.99994016  +0.00167528  +0.01080929  -0.00207952  +0.99929464  +0.03749491  -0.01073885  -0.03751514  +0.99923837  -0.70891547  +0.00826481  +2.28166723 
      26    0.9910  +0.99994498  +0.00034371  +0.01048554  -0.00084209  +0.99886793  +0.04756255  -0.01045732  -0.04756877  +0.99881321  -0.58260947  -0.12227040  +2.61553574 
      27    1.0726  +0.99974340  -0.01978465  +0.01103302  +0.01927745  +0.99883121  +0.04432363  -0.01189705  -0.04409957  +0.99895632  +0.41185737  -1.13712335  +2.54303932 
      28    1.1315  +0.99982792  -0.01823197  +0.00341733  +0.01807864  +0.99901497  +0.04052397  -0.00415279  -0.04045522  +0.99917275  +0.49779734  -0.71847016  +1.94761276 
      29    1.3213  +0.99988461  -0.01507726  -0.00184968  +0.01510697  +0.99973685  +0.01726411  +0.00158890  -0.01729006  +0.99984926  +0.58271760  +0.70953763  +0.53035367 
      30    1.2183  +0.99997503  -0.00395004  -0.00586009  +0.00408989  +0.99970239  +0.02404939  +0.00576335  -0.02407276  +0.99969357  +0.28025475  +0.67668796  +0.28605130 
      31    1.4458  +0.99992365  -0.01229858  -0.00119325  +0.01231800  +0.99976343  +0.01792657  +0.00097250  -0.01793990  +0.99983859  +0.65182191  +0.11083063  +0.04499178 
      32    1.4310  +0.99983215  -0.01771375  -0.00467438  +0.01780369  +0.99964225  +0.01995868  +0.00431916  -0.02003855  +0.99978989  +0.78173023  -0.24767354  -0.06709831 
      33    1.2800  +0.99980772  -0.01893245  -0.00511234  +0.01897528  +0.99978411  +0.00846300  +0.00495101  -0.00855838  +0.99995112  +0.73532939  +0.02496479  -0.45246187 
      34    1.3114  +0.99999124  +0.00339370  -0.00245536  -0.00339090  +0.99999362  +0.00114435  +0.00245922  -0.00113601  +0.99999630  -0.58873236  +1.40518713  -0.55115831 
      35    1.3630  +0.99999297  +0.00195588  -0.00320395  -0.00189875  +0.99984086  +0.01773801  +0.00323813  -0.01773180  +0.99983752  -0.31820524  +0.62309110  +0.77310568 
      36    1.3440  +0.99993366  -0.01111075  -0.00304593  +0.01117978  +0.99965733  +0.02366835  +0.00278192  -0.02370083  +0.99971521  +0.03234875  -0.38189092  +1.19047260 
      37    1.4060  +0.99995089  -0.00885937  -0.00444358  +0.00894700  +0.99975783  +0.02010498  +0.00426439  -0.02014375  +0.99978799  -0.02333550  -0.21404766  +0.92599356 
      38    1.3587  +0.99974394  -0.02255703  +0.00180165  +0.02246813  +0.99896431  +0.03956673  -0.00269229  -0.03951612  +0.99921530  +0.20024875  -1.91990221  +2.40718341 
      39    1.3208  +0.99986076  -0.01581360  -0.00532421  +0.01601171  +0.99909168  +0.03948957  +0.00469490  -0.03956933  +0.99920577  +0.69162732  -1.48778176  +1.99554896 
      40    1.3031  +0.99990863  -0.01285012  -0.00419686  +0.01304761  +0.99861240  +0.05102017  +0.00353543  -0.05107027  +0.99868882  +0.18941021  -1.67592323  +2.59594274 
      41    1.2879  +0.99990994  -0.01307321  -0.00303240  +0.01321053  +0.99861914  +0.05084635  +0.00236349  -0.05088183  +0.99870187  +0.28516063  -1.66667151  +2.77502179 
      42    1.1536  +0.99956745  -0.02861387  -0.00679094  +0.02894653  +0.99804586  +0.05537640  +0.00519313  -0.05554903  +0.99844247  +1.06841052  -2.53802967  +2.90255141 
      43    1.1497  +0.99983680  -0.01603817  -0.00831648  +0.01637286  +0.99898875  +0.04187376  +0.00763649  -0.04200310  +0.99908829  +0.60875010  -1.31616127  +2.08747435 
      44    1.2713  +0.99998927  -0.00259761  -0.00383264  +0.00279485  +0.99862289  +0.05238780  +0.00369128  -0.05239795  +0.99861944  -0.39259553  -0.89709884  +2.90382910 
      45    1.3182  +0.99993515  -0.01059083  -0.00418738  +0.01079312  +0.99860603  +0.05166718  +0.00363435  -0.05170903  +0.99865556  -0.00269770  -1.26725960  +2.92092085 
      46    1.3775  +0.99961191  -0.02637471  -0.00896555  +0.02680652  +0.99828476  +0.05204819  +0.00757742  -0.05226832  +0.99860436  +0.82969540  -1.86154258  +2.74809694 
      47    1.3948  +0.99963170  -0.02526636  +0.00990365  +0.02481950  +0.99877071  +0.04290711  -0.01097558  -0.04264550  +0.99902999  -0.09547538  -1.45634878  +3.44607449 
      48    1.3519  +0.99955350  -0.02948922  -0.00481707  +0.02964620  +0.99888843  +0.03664680  +0.00373103  -0.03677325  +0.99931669  +1.04121566  -1.72696340  +2.12016988 
      49    1.2541  +0.99981338  -0.01912939  +0.00269121  +0.01896977  +0.99855226  +0.05033385  -0.00365017  -0.05027341  +0.99872881  +0.34113526  -1.74002266  +3.24334264 
      50    1.1312  +0.99979490  -0.02006880  +0.00270950  +0.01993382  +0.99887621  +0.04299986  -0.00356941  -0.04293703  +0.99907142  +0.45301735  -1.70915663  +3.12261295 
      51    1.0643  +0.99985379  -0.01550739  -0.00720217  +0.01585609  +0.99856317  +0.05118798  +0.00639803  -0.05129469  +0.99866307  +0.52890646  -1.89986873  +3.05238724 
      52    1.0175  +0.99972177  -0.02274849  -0.00624105  +0.02306746  +0.99810928  +0.05697108  +0.00493324  -0.05709919  +0.99835634  +0.72004294  -2.50074196  +3.29779339 
      53    1.0259  +0.99960423  -0.02759294  +0.00547819  +0.02717619  +0.99748945  +0.06539313  -0.00726882  -0.06521837  +0.99784452  +0.39433879  -3.18880725  +4.54690027 
      54    1.0568  +0.99977475  -0.02112591  +0.00204349  +0.02096378  +0.99795026  +0.06046322  -0.00331664  -0.06040676  +0.99816835  -0.00212140  -2.38474846  +4.14413309 
      55    1.0974  +0.99901730  -0.03668446  +0.02487339  +0.03482311  +0.99683011  +0.07153376  -0.02741872  -0.07059730  +0.99712801  -0.42005795  -3.54049683  +5.91096497 
      56    1.1838  +0.99940634  -0.02589612  +0.02272264  +0.02473707  +0.99844849  +0.04988655  -0.02397925  -0.04929484  +0.99849635  -0.72617310  -2.05941749  +4.81972551 
      57    1.2140  +0.99929947  -0.02282067  +0.02966074  +0.02108258  +0.99811441  +0.05764632  -0.03092035  -0.05698061  +0.99789637  -1.34883499  -2.09915829  +5.73940563 
      58    1.0829  +0.99875462  -0.02646056  +0.04229671  +0.02351918  +0.99736786  +0.06858728  -0.04400023  -0.06750708  +0.99674809  -1.99591076  -2.65933084  +7.19445610 
      59    1.0887  +0.99885297  -0.03189531  +0.03571341  +0.02960017  +0.99757147  +0.06304724  -0.03763759  -0.06191780  +0.99737132  -1.45744944  -2.62748480  +6.89465618 
      60    1.1452  +0.99837679  -0.03124014  +0.04762147  +0.02797327  +0.99730754  +0.06778798  -0.04961096  -0.06634583  +0.99656260  -2.09246063  -2.77725387  +7.98928022 
      61    1.2497  +0.99865234  -0.02931044  +0.04282939  +0.02658373  +0.99766552  +0.06290331  -0.04457313  -0.06167998  +0.99710017  -1.69905519  -2.18225527  +7.49628210 
      62    1.2445  +0.99865669  -0.02764332  +0.04382502  +0.02421241  +0.99673921  +0.07697193  -0.04580988  -0.07580743  +0.99606961  -1.79550529  -2.67481637  +8.43457603 
      63    1.1428  +0.99830914  -0.03304937  +0.04781807  +0.02852319  +0.99531132  +0.09242219  -0.05064836  -0.09090199  +0.99457103  -1.54132211  -3.71783113  +9.52931499 
      64    1.1443  +0.99813735  -0.03762883  +0.04802013  +0.03322171  +0.99543375  +0.08948705  -0.05116815  -0.08772505  +0.99482971  -1.53930926  -3.78243613  +9.76418304 
      65    1.2865  +0.99928641  -0.02635159  +0.02705983  +0.02376630  +0.99549568  +0.09178001  -0.02935649  -0.09107141  +0.99541157  -1.23389089  -3.01778412  +8.60982227 
      66    1.2786  +0.99908793  -0.03423042  +0.02552627  +0.03169290  +0.99507380  +0.09393473  -0.02861595  -0.09304006  +0.99525106  -0.80150354  -3.33111238  +8.82603455 
      67    1.2343  +0.99931049  -0.02606890  +0.02643753  +0.02389040  +0.99653953  +0.07961255  -0.02842145  -0.07892605  +0.99647522  -1.10472095  -1.92282116  +8.06932545 
      68    1.2595  +0.99875075  -0.03168356  +0.03864084  +0.02839163  +0.99614894  +0.08295321  -0.04112029  -0.08175250  +0.99580401  -1.32602894  -2.23713279  +9.09675312 
      69    1.2593  +0.99890298  -0.02103107  +0.04184012  +0.01730274  +0.99600929  +0.08755659  -0.04351456  -0.08673659  +0.99528050  -1.82311749  -1.87507200  +9.34494877 
      70    1.2907  +0.99900579  -0.03082821  +0.03220363  +0.02776387  +0.99540734  +0.09161574  -0.03488008  -0.09063056  +0.99527359  -0.84167641  -2.69632578  +9.08831882 
      71    1.3272  +0.99893212  -0.02241721  +0.04039957  +0.01868949  +0.99573052  +0.09039616  -0.04225352  -0.08954458  +0.99508613  -1.69192803  -2.23093510  +9.62065506 
      72    1.3533  +0.99902862  -0.01402159  +0.04177627  +0.01079418  +0.99701095  +0.07650235  -0.04272408  -0.07597709  +0.99619383  -1.90448606  -1.16982508  +8.93318558 
      73    1.3510  +0.99921656  -0.01735286  +0.03556975  +0.01440931  +0.99657720  +0.08140185  -0.03686056  -0.08082554  +0.99604642  -1.25909340  -1.36744952  +8.60145855 
      74    1.4432  +0.99955297  -0.02236133  +0.01984430  +0.02101319  +0.99761659  +0.06572377  -0.02126667  -0.06527740  +0.99764049  -0.08163473  -1.55126750  +7.29974031 
      75    1.2907  +0.99942416  -0.02914376  +0.01737929  +0.02817353  +0.99816084  +0.05367639  -0.01891166  -0.05315585  +0.99840713  +0.52416873  -1.29421270  +6.92054367 
      76    1.2655  +0.99915159  -0.04097768  -0.00411384  +0.04116709  +0.99658722  +0.07154813  +0.00116793  -0.07165679  +0.99742866  +1.99047220  -2.68219137  +6.49448919 
      77    1.0884  +0.99869490  -0.04985563  +0.01108869  +0.04872156  +0.99510366  +0.08599353  -0.01532166  -0.08534104  +0.99623400  +1.85481310  -3.55785155  +8.17290688 
      78    1.2107  +0.99925810  -0.03812177  +0.00547687  +0.03755173  +0.99598718  +0.08123684  -0.00855178  -0.08097091  +0.99667978  +1.12072408  -2.78381228  +7.66110802 
      79    1.2655  +0.99770200  -0.06768431  +0.00308069  +0.06722434  +0.99454951  +0.07970053  -0.00845837  -0.07931028  +0.99681407  +2.23216367  -4.41816425  +7.68649435 
      80    1.3045  +0.99556714  -0.09270510  +0.01587013  +0.09083901  +0.99149024  +0.09324918  -0.02437975  -0.09139419  +0.99551630  +3.09248757  -6.43234682  +9.33678532 
      81    1.3438  +0.99658561  -0.08220294  +0.00773230  +0.08122648  +0.99291050  +0.08678110  -0.01481114  -0.08585673  +0.99619740  +2.81607628  -5.56464529  +8.49309158 
      82    1.2013  +0.99818718  -0.05938093  +0.00981068  +0.05852468  +0.99568713  +0.07198627  -0.01404298  -0.07128160  +0.99735737  +1.32189023  -3.78308439  +7.71095991 
      83    1.2201  +0.99869436  -0.05072627  -0.00603151  +0.05098829  +0.99706751  +0.05706600  +0.00311908  -0.05729903  +0.99835217  +2.20875192  -2.64692378  +6.12609816 
      84    1.2365  +0.99892467  -0.04626241  -0.00305451  +0.04634055  +0.99832493  +0.03463931  +0.00144690  -0.03474360  +0.99939519  +1.93788266  -1.28969574  +5.08065939 
      85    1.2900  +0.99802470  -0.06181128  -0.01123014  +0.06226998  +0.99697304  +0.04655355  +0.00831861  -0.04716089  +0.99885267  +3.36705136  -2.80623245  +5.79142237 
      86    1.2581  +0.99786985  -0.06286818  -0.01741716  +0.06351188  +0.99720824  +0.03926737  +0.01489986  -0.04028992  +0.99907690  +3.77919364  -2.24841523  +4.95729542 
      87    1.3963  +0.99784768  -0.06381869  +0.01507350  +0.06264700  +0.99568778  +0.06841967  -0.01937496  -0.06732810  +0.99754274  +2.03838015  -3.36310005  +8.12650871 
      88    1.3366  +0.99903440  -0.04309045  -0.00857179  +0.04356589  +0.99683797  +0.06645357  +0.00568117  -0.06676284  +0.99775273  +2.24850273  -2.74758196  +6.94677687 
      89    1.5615  +0.99830252  -0.05701421  -0.01189301  +0.05775673  +0.99542397  +0.07612681  +0.00749828  -0.07668448  +0.99702722  +3.20887327  -3.86476350  +6.96742535 
      90    1.4505  +0.99805534  -0.05942579  -0.01881735  +0.06058804  +0.99578875  +0.06880303  +0.01464943  -0.06980933  +0.99745280  +3.75627756  -3.77065516  +5.89397383 
      91    1.3657  +0.99711698  -0.07258289  -0.02212446  +0.07410786  +0.99416196  +0.07842233  +0.01630318  -0.07983583  +0.99667472  +4.46290255  -4.81168985  +6.10869122 
      92    1.3136  +0.99626690  -0.08572157  -0.01019950  +0.08624273  +0.99352747  +0.07392841  +0.00379623  -0.07453206  +0.99721140  +4.61287212  -5.39899540  +6.78339815 
      93    1.3751  +0.99788785  -0.06114804  -0.02192695  +0.06257597  +0.99545676  +0.07176387  +0.01743911  -0.07298439  +0.99718058  +3.57255101  -4.12747717  +5.84135246 
      94    1.2574  +0.99711573  -0.07238730  -0.02281037  +0.07392252  +0.99437970  +0.07579228  +0.01719577  -0.07725988  +0.99686271  +4.14732790  -4.83632231  +5.93917847 
      95    1.3431  +0.99607497  -0.08692507  -0.01669454  +0.08794934  +0.99322528  +0.07595075  +0.00997942  -0.07712091  +0.99697179  +4.72962236  -5.52975941  +6.42111111 
      96    1.3046  +0.99547648  -0.09030554  -0.02952106  +0.09223139  +0.99312025  +0.07214899  +0.02280251  -0.07454540  +0.99695688  +5.75147057  -5.64019871  +5.62150240 
      97    1.1304  +0.99436492  -0.09660663  -0.04365266  +0.09932585  +0.99292070  +0.06513753  +0.03705091  -0.06910631  +0.99692106  +6.43399382  -5.46305513  +4.67456245 
      98    1.1540  +0.99620783  -0.08115266  -0.03137235  +0.08291748  +0.99476171  +0.05978173  +0.02635656  -0.06215634  +0.99771833  +5.11643076  -4.50922823  +5.03188133 
      99    1.2142  +0.99619257  -0.07986460  -0.03495736  +0.08120096  +0.99594843  +0.03864045  +0.03172972  -0.04133190  +0.99864155  +5.38169098  -3.15807962  +3.56342053 
     100    1.2732  +0.99582100  -0.08460855  -0.03437861  +0.08609071  +0.99530637  +0.04419920  +0.03047762  -0.04697417  +0.99843103  +4.96545410  -3.64830232  +4.18549109 
     101    1.2593  +0.99460983  -0.08861169  -0.05384519  +0.09102205  +0.99487233  +0.04409130  +0.04966208  -0.04875474  +0.99757540  +6.10837317  -3.54078531  +2.96899700 
     102    1.2342  +0.99690473  -0.06161866  -0.04882667  +0.06358740  +0.99718040  +0.03984853  +0.04623359  -0.04282995  +0.99801207  +4.29663897  -2.12658644  +3.07573128 
     103    1.2161  +0.99671751  -0.05347518  -0.06078340  +0.05524299  +0.99808627  +0.02778397  +0.05918133  -0.03105063  +0.99776423  +4.17520809  -1.29228079  +1.92115498 
     104    1.2159  +0.99788272  -0.04440912  -0.04751793  +0.04617178  +0.99826050  +0.03666317  +0.04580710  -0.03877953  +0.99819732  +3.03115892  -1.58229685  +3.29068995 
     105    1.3030  +0.99792552  -0.05424099  -0.03467737  +0.05552433  +0.99776477  +0.03718262  +0.03258303  -0.03903092  +0.99870664  +2.62972927  -2.07657194  +3.98626590 
     106    1.2910  +0.99767369  -0.05220778  -0.04383617  +0.05431170  +0.99735707  +0.04826042  +0.04120075  -0.05052897  +0.99787241  +3.08484077  -2.40500617  +4.18364382 
     107    1.3920  +0.99606866  -0.05038369  -0.07286052  +0.05186051  +0.99848258  +0.01852017  +0.07181685  -0.02222595  +0.99717015  +4.57137871  -0.95991945  +1.01448977 
     108    1.3300  +0.99738574  -0.03358527  -0.06398179  +0.03479144  +0.99923551  +0.01783147  +0.06333400  -0.02001087  +0.99779177  +3.18376923  +0.25985155  +1.21087480 
     109    1.3451  +0.99649864  -0.05119455  -0.06610261  +0.05205947  +0.99857861  +0.01142774  +0.06542362  -0.01482899  +0.99774736  +4.04844809  -0.18192706  +0.55121505 
     110    1.3284  +0.99513257  -0.06426024  -0.07471152  +0.06520016  +0.99782002  +0.01020798  +0.07389268  -0.01502950  +0.99715292  +5.47346449  -0.77128464  +0.26362547 
     111    1.2887  +0.99436134  -0.07499943  -0.07497101  +0.07622213  +0.99699837  +0.01357889  +0.07372757  -0.01921677  +0.99709326  +5.51133633  -1.37437558  +0.74055910 
     112    1.3186  +0.99543792  -0.06255531  -0.07204301  +0.06518528  +0.99726790  +0.03474996  +0.06967239  -0.03928757  +0.99679601  +4.57628202  -1.72284424  +2.46020937 
     113    1.4591  +0.99352837  -0.09115892  -0.06776030  +0.09222661  +0.99565583  +0.01279274  +0.06629976  -0.01895925  +0.99761963  +5.71064901  -2.02508950  +1.70776939 
     114    1.4536  +0.99487817  -0.07594341  -0.06670851  +0.07765473  +0.99670464  +0.02344297  +0.06470834  -0.02850313  +0.99749708  +4.84926987  -1.82793725  +2.37783718 
     115    1.4094  +0.99485648  -0.07583242  -0.06715713  +0.07774076  +0.99662745  +0.02627013  +0.06493852  -0.03135585  +0.99739653  +4.54108572  -1.88699734  +2.51898241 
     116    1.4781  +0.99577105  -0.07558168  -0.05222522  +0.07630220  +0.99701321  +0.01194036  +0.05116676  -0.01587477  +0.99856395  +3.51344299  -0.79512316  +2.19425368 
     117    1.4078  +0.99469692  -0.09165675  -0.04665933  +0.09240220  +0.99562228  +0.01407384  +0.04516511  -0.01831063  +0.99881172  +4.26286650  -1.83135736  +2.54772663 
     118    1.4254  +0.99276108  -0.07371143  -0.09482628  +0.07263090  +0.99724907  -0.01480099  +0.09565642  +0.00780653  +0.99538380  +5.65775299  +0.61713040  -1.37456524 
     119    1.4009  +0.99404109  -0.07360318  -0.08040478  +0.07196199  +0.99713922  -0.02312606  +0.08187692  +0.01720217  +0.99649400  +5.46008730  +1.25620389  -1.29697192 
     120    1.4668  +0.99401647  -0.08070333  -0.07360872  +0.08003134  +0.99671966  -0.01203830  +0.07433879  +0.00607527  +0.99721456  +5.48114777  +0.10707054  -0.32066169 
     121    1.4363  +0.99436539  -0.06777427  -0.08151114  +0.06726547  +0.99769473  -0.00897510  +0.08193152  +0.00344164  +0.99663204  +5.31128883  +0.72510481  -0.57930535 
     122    1.4561  +0.99545956  -0.04679116  -0.08289097  +0.04561621  +0.99883068  -0.01601322  +0.08354332  +0.01215934  +0.99642998  +4.20742226  +2.08449340  -1.60897315 
     123    1.4245  +0.99500281  -0.05103734  -0.08581728  +0.04690298  +0.99767113  -0.04952240  +0.08814491  +0.04524985  +0.99507934  +4.67181206  +3.76138878  -3.27876067 
     124    1.4486  +0.99401700  -0.04518726  -0.09943981  +0.04415298  +0.99894559  -0.01257858  +0.09990335  +0.00811276  +0.99496406  +5.35560942  +1.81215477  -2.06934285 
     125    1.3233  +0.99257475  -0.06019636  -0.10569651  +0.05975078  +0.99818605  -0.00738004  +0.10594903  +0.00100979  +0.99437106  +6.40968609  +0.71029401  -1.91639102 
     126    1.3873  +0.99563360  -0.04407242  -0.08228831  +0.04283322  +0.99894154  -0.01676521  +0.08294009  +0.01316733  +0.99646753  +4.01549435  +1.81302476  -0.80552304 
     127    1.4037  +0.99794936  -0.03531516  -0.05338450  +0.03354951  +0.99887156  -0.03361643  +0.05451143  +0.03175647  +0.99800801  +1.83287132  +2.94223070  -0.29483393 
     128    1.4255  +0.99388587  -0.04346164  -0.10149830  +0.03858344  +0.99802655  -0.04954108  +0.10345113  +0.04532203  +0.99360144  +5.20173597  +3.39007902  -3.68470502 
     129    1.3976  +0.99528670  -0.03592768  -0.09007532  +0.03237814  +0.99865222  -0.04056299  +0.09141126  +0.03745533  +0.99510860  +4.05437565  +3.65015411  -2.74134469 
     130    1.5450  +0.99476039  -0.02006296  -0.10024604  +0.01478770  +0.99848014  -0.05309182  +0.10115886  +0.05133123  +0.99354517  +3.46626115  +5.03249454  -4.02828360 
     131    1.3816  +0.99418098  -0.05353209  -0.09348006  +0.04642272  +0.99597764  -0.07663856  +0.09720667  +0.07185300  +0.99266714  +5.12711382  +4.26064301  -4.82558393 
     132    1.3549  +0.99481291  -0.00710638  -0.10147326  +0.00208374  +0.99877107  -0.04951770  +0.10170045  +0.04904940  +0.99360514  +3.09918475  +5.31311941  -3.97628379 
     133    1.3668  +0.99591768  -0.02337895  -0.08718590  +0.01850469  +0.99824232  -0.05630168  +0.08834893  +0.05445848  +0.99459976  +3.55601454  +4.49203777  -3.71579123 
     134    1.5000  +0.99334311  -0.00240350  -0.11516820  -0.00773585  +0.99613345  -0.08751167  +0.11493323  +0.08782004  +0.98948371  +3.87280440  +7.34220266  -6.38076639 
     135    1.4589  +0.98972505  +0.03439321  -0.13878536  -0.04634321  +0.99540335  -0.08381233  +0.13526484  +0.08938292  +0.98676956  +3.45810914  +9.93266678  -7.46315289 
     136    1.2877  +0.99427384  +0.01478113  -0.10583472  -0.02389382  +0.99606365  -0.08536009  +0.10415640  +0.08740010  +0.99071324  +2.69079685  +8.86749458  -5.85095119 
     137    1.2186  +0.99403483  +0.01791121  -0.10758237  -0.02687408  +0.99623287  -0.08244878  +0.10570034  +0.08484814  +0.99077153  +2.40665650  +9.14892387  -5.90131378 
     138    1.1751  +0.99410599  +0.00254058  -0.10838298  -0.01051926  +0.99726856  -0.07310762  +0.10790120  +0.07381683  +0.99141735  +3.54673624  +7.55594587  -5.45465946 
     139    1.3255  +0.99532169  -0.00178296  -0.09660016  -0.00752030  +0.99536669  -0.09585711  +0.09632349  +0.09613512  +0.99069661  +3.13505173  +8.26559639  -5.59125328 
     140    1.5294  +0.99469912  -0.00852310  -0.10247424  -0.00256836  +0.99418873  -0.10762037  +0.10279600  +0.10731308  +0.98889679  +4.27457952  +8.69639492  -6.16959763 
     141    1.5189  +0.99553251  +0.02967194  -0.08963604  -0.03679174  +0.99620718  -0.07885193  +0.08695637  +0.08179753  +0.99284828  +1.31279004  +8.97310352  -4.09519577 
     142    1.5496  +0.99014258  +0.04068218  -0.13402492  -0.05131609  +0.99571985  -0.07686770  +0.13032413  +0.08298761  +0.98799223  +3.47448802  +9.50695515  -6.36469269 
     143    1.4965  +0.99399352  +0.01974755  -0.10764241  -0.02739593  +0.99716759  -0.07004450  +0.10595432  +0.07257274  +0.99171913  +3.17821860  +7.78619671  -4.53763628 
     144    1.4845  +0.99172944  +0.04784462  -0.11909492  -0.05742689  +0.99526882  -0.07837174  +0.11478180  +0.08456282  +0.98978496  +2.20992231 +10.12474251  -5.52013922 
     145    1.6795  +0.98745382  +0.08499459  -0.13308209  -0.09594288  +0.99231583  -0.07812988  +0.12541884  +0.08991793  +0.98802066  +1.29607427 +12.26816082  -6.22021389 
     146    1.5701  +0.99298924  +0.05637979  -0.10389290  -0.06311622  +0.99603254  -0.06273405  +0.09994377  +0.06885157  +0.99260801  +1.10187745  +9.64884377  -3.61924076 
     147    1.6439  +0.99255216  +0.04878619  -0.11162500  -0.05604950  +0.99644583  -0.06288246  +0.10816047  +0.06867065  +0.99175888  +1.83652818  +9.47513199  -4.11914968 
     148    1.5915  +0.99464124  +0.02006483  -0.10142084  -0.02459624  +0.99874502  -0.04362797  +0.10041818  +0.04588874  +0.99388653  +2.82566547  +6.52038240  -2.44171071 
     149    1.5357  +0.99484807  +0.01582476  -0.10013425  -0.02201195  +0.99789572  -0.06098894  +0.09895841  +0.06287888  +0.99310297  +3.18001342  +7.12222481  -3.09900737 
     150    1.5437  +0.99399680  +0.01910528  -0.10772824  -0.02430133  +0.99859321  -0.04712821  +0.10667629  +0.04946323  +0.99306273  +3.21033978  +6.28502178  -2.54854584 
     151    1.3378  +0.99670142  +0.01327798  -0.08006262  -0.01766841  +0.99836391  -0.05438083  +0.07920957  +0.05561603  +0.99530536  +2.06657958  +6.37369633  -1.27058983 
     152    1.2079  +0.99759805  +0.02660190  -0.06395665  -0.03143694  +0.99662572  -0.07582161  +0.06172384  +0.07765009  +0.99506813  +0.28868100  +8.64911842  -1.54401779 
     153    1.3508  +0.99801832  +0.02675671  -0.05695140  -0.02915166  +0.99870706  -0.04164571  +0.05576346  +0.04322341  +0.99750799  +0.16260406  +6.19688749  +0.36447090 
     154    1.3705  +0.99776542  +0.04196208  -0.05199357  -0.04461803  +0.99770039  -0.05102057  +0.04973307  +0.05322642  +0.99734324  -1.20658922  +8.02553082  +0.13236685 
     155    1.3251  +0.99673545  +0.06371282  -0.04958993  -0.06708580  +0.99531531  -0.06962006  +0.04492193  +0.07271955  +0.99634027  -2.34625196 +10.63514709  -0.60913676 
     156    1.3917  +0.99803406  +0.04840392  -0.03981293  -0.05051498  +0.99727058  -0.05384859  +0.03709778  +0.05575388  +0.99775511  -2.11003661  +8.79853725  +0.43303457 
     157    1.3772  +0.99827588  +0.03714275  -0.04545004  -0.04025334  +0.99676561  -0.06955591  +0.04271954  +0.07126550  +0.99654216  -1.45597148  +9.02575111  -0.73753732 
     158    1.2803  +0.99531740  +0.05411156  -0.08009481  -0.05788987  +0.99727982  -0.04562630  +0.07740803  +0.05004933  +0.99574244  -0.29636821  +8.79662037  -1.62038529 
     159    1.3325  +0.99636376  +0.03672570  -0.07687937  -0.04346632  +0.99517828  -0.08792539  +0.07327956  +0.09094734  +0.99315590  +0.54693401  +9.80673790  -3.23252869 
     160    1.3879  +0.99609160  +0.06902988  -0.05510389  -0.07229777  +0.99559510  -0.05969435  +0.05074047  +0.06344493  +0.99669462  -1.90376687  +9.30770206  -0.60113382 
     161    1.4454  +0.99670118  +0.02396764  -0.07753891  -0.02662023  +0.99908888  -0.03335890  +0.07666873  +0.03531296  +0.99643105  +1.70324349  +5.46876383  -0.45739046 
     162    1.3641  +0.99515468  +0.02874022  -0.09402732  -0.02960127  +0.99953157  -0.00777530  +0.09375980  +0.01052096  +0.99553925  +2.68051457  +4.51330757  +0.07196284 
     163    1.4538  +0.99409902  +0.07170524  -0.08139713  -0.07242274  +0.99735659  -0.00589311  +0.08075941  +0.01175334  +0.99666435  -0.37106103  +7.09707260  +0.72694749 
     164    1.5687  +0.99461055  +0.04120554  -0.09514202  -0.04391874  +0.99868089  -0.02660080  +0.09392042  +0.03063596  +0.99510825  +1.92284918  +6.29503298  -0.63120359 
     165    1.4294  +0.99491411  -0.01435873  -0.09969810  +0.01405544  +0.99989420  -0.00374384  +0.09974131  +0.00232350  +0.99501067  +5.11909103  +1.80825865  +0.36840618 
     166    1.4724  +0.99961483  +0.00587389  -0.02712437  -0.00644758  +0.99975634  -0.02111157  +0.02699376  +0.02127833  +0.99940914  -0.15889701  +3.79627371  +3.15210009 
     167    1.4312  +0.99817443  +0.02163525  -0.05638920  -0.02205749  +0.99973303  -0.00687644  +0.05622537  +0.00810769  +0.99838519  +0.49044827  +3.94953728  +2.32624984 
     168    1.4044  +0.99720210  +0.04518372  -0.05955172  -0.04516472  +0.99897814  +0.00166571  +0.05956613  +0.00102859  +0.99822384  -0.69704360  +4.67300701  +2.30319834 
     169    1.4486  +0.99362856  +0.09475958  -0.06101597  -0.09240339  +0.99490374  +0.04035040  +0.06452861  -0.03445522  +0.99732083  -3.06215596  +5.23095703  +4.08909988 
     170    1.3707  +0.99395722  +0.09026816  -0.06245604  -0.09199651  +0.99543613  -0.02536820  +0.05988106  +0.03096065  +0.99772525  -2.67846346  +8.70921230  +0.71192670 
     171    1.5139  +0.99224079  +0.09840892  -0.07598639  -0.10099398  +0.99440545  -0.03095264  +0.07251526  +0.03838664  +0.99662834  -2.22107077  +9.65402699  -0.44134736 
     172    1.5887  +0.98438448  +0.15887372  -0.07580438  -0.16194059  +0.98613811  -0.03615055  +0.06901022  +0.04786185  +0.99646717  -4.95189905 +13.32777977  -0.54652482 
     173    1.4926  +0.98349816  +0.15102327  -0.09961627  -0.15720025  +0.98590058  -0.05734213  +0.08955175  +0.07205558  +0.99337226  -3.13634157 +14.74285507  -2.88100147 
     174    1.4899  +0.98358536  +0.16004357  -0.08334243  -0.16481580  +0.98485106  -0.05389002  +0.07345513  +0.06674159  +0.99506277  -4.49993992 +14.69276047  -1.89530969 
     175    1.5696  +0.98122144  +0.18442832  -0.05648567  -0.18776965  +0.98031741  -0.06099435  +0.04412480  +0.07045525  +0.99653852  -7.29910898 +16.30258369  -0.44907159 
     176    1.4354  +0.99064565  +0.12878941  -0.04510584  -0.12967509  +0.99140596  -0.01728099  +0.04249259  +0.02296844  +0.99883276  -5.04184341  +9.93900394  +2.23563981 
     177    1.3613  +0.98929954  +0.12493854  -0.07534482  -0.12635732  +0.99188101  -0.01434822  +0.07294045  +0.02371506  +0.99705428  -2.55214357  +9.79243851  +0.46420375 
     178    1.3146  +0.98909152  +0.14549471  -0.02300548  -0.14424735  +0.98833531  +0.04884650  +0.02984403  -0.04499518  +0.99854130  -6.81925488  +7.21531153  +6.55054951 
     179    1.3491  +0.99217731  +0.11522001  -0.04804673  -0.11251439  +0.99208987  +0.05566192  +0.05408004  -0.04982055  +0.99729300  -3.86080432  +5.06074667  +5.53535986 
     180    1.3374  +0.99063802  +0.12303569  -0.05914802  -0.12343516  +0.99234772  -0.00313421  +0.05830979  +0.01040581  +0.99824429  -3.73370433  +8.99353027  +2.05893922 
     181    1.4187  +0.99180377  +0.11172297  -0.06199372  -0.11352307  +0.99318707  -0.02630610  +0.05863236  +0.03312821  +0.99772978  -3.08451653  +9.56068039  +0.65999138 
     182    1.3215  +0.99646807  +0.07945049  -0.02718558  -0.08005506  +0.99654937  -0.02192249  +0.02535002  +0.02402141  +0.99939001  -3.47616434  +7.37747860  +2.78868842 
     183    1.3959  +0.99246049  +0.08938918  -0.08385575  -0.09217145  +0.99529386  -0.02990858  +0.08078761  +0.03741219  +0.99602896  -0.65634716  +8.50996971  -0.59614998 
     184    1.3622  +0.98900348  +0.06104599  -0.13470536  -0.06852908  +0.99631232  -0.05162843  +0.13105692  +0.06029193  +0.98953980  +4.20370913  +7.96316528  -4.25003004 
     185    1.3674  +0.98954511  +0.12023895  -0.07964332  -0.12400864  +0.99129653  -0.04419317  +0.07363641  +0.05360760  +0.99584329  -2.43786144 +11.12984848  -1.20230711 
     186    1.3980  +0.98852295  +0.14394799  -0.04584054  -0.14607428  +0.98815638  -0.04700345  +0.03853157  +0.05316011  +0.99784231  -5.63112116 +12.73081875  +0.55854899 
     187    1.3880  +0.98394781  +0.16431418  -0.06962433  -0.16400242  +0.98640710  +0.01020982  +0.07035555  +0.00137263  +0.99752104  -5.45908499 +10.85567760  +1.68666339 
     188    1.3414  +0.98307645  +0.17391357  -0.05757398  -0.17269889  +0.98464507  +0.02547914  +0.06112111  -0.01510498  +0.99801606  -6.19258976 +10.65526199  +2.94448948 
     189    1.3358  +0.99026519  +0.11872572  -0.07265693  -0.11677743  +0.99268919  +0.03051493  +0.07574866  -0.02173319  +0.99689007  -2.73620605  +6.75695181  +2.29878020 
     190    1.3223  +0.99304748  +0.10998868  -0.04194298  -0.11006297  +0.99392450  +0.00054104  +0.04174767  +0.00407909  +0.99911988  -4.03799105  +7.95302200  +2.55559659 
     191    1.3324  +0.98492002  +0.15730907  -0.07201682  -0.15754610  +0.98750871  +0.00241286  +0.07149680  +0.00896949  +0.99740052  -4.68538332 +11.10223293  +1.15017724 
     192    1.3644  +0.98267549  +0.15676798  -0.09885699  -0.16043244  +0.98658383  -0.03022816  +0.09279191  +0.04556434  +0.99464244  -3.12007380 +13.09037971  -2.11047816 
     193    1.4140  +0.98639554  +0.16052608  -0.03542865  -0.16140351  +0.98660964  -0.02345919  +0.03118844  +0.02885835  +0.99909681  -6.47175455 +12.75585747  +2.02426267 
     194    1.4600  +0.98319954  +0.18188946  -0.01532537  -0.18154143  +0.98314440  +0.02167413  +0.01900935  -0.01852781  +0.99964762  -8.44460297 +11.78651428  +5.57053947 
     195    1.4674  +0.98656029  +0.14843068  -0.06831626  -0.14752188  +0.98889154  +0.01818896  +0.07025716  -0.00786636  +0.99749792  -3.62686896  +9.23885345  +2.63711548 
     196    1.5235  +0.97953671  +0.19561499  -0.04735634  -0.19403177  +0.98033309  +0.03603755  +0.05347448  -0.02611147  +0.99822778  -7.13881159 +11.56894398  +4.30350399 
     197    1.5609  +0.97212833  +0.22918256  -0.04941562  -0.22824003  +0.97330862  +0.02401601  +0.05360070  -0.01206802  +0.99848950  -8.12893105 +14.83771133  +3.47459841 
     198    1.5782  +0.98402464  +0.17150372  -0.04777047  -0.16931291  +0.98445630  +0.04667845  +0.05503347  -0.03784458  +0.99776703  -5.77384138  +9.30202484  +4.77020168 
     199    1.6586  +0.98494601  +0.16386831  -0.05503199  -0.16062872  +0.98525572  +0.05890337  +0.06387297  -0.04917693  +0.99674565  -4.78729868  +8.03730011  +5.39507961 
     200    1.5781  +0.97592384  +0.20651691  -0.07016730  -0.20359987  +0.97794795  +0.04652906  +0.07822900  -0.03112276  +0.99644947  -5.39914942 +11.15567780  +3.43864083 
     201    1.6684  +0.97849125  +0.20620814  -0.00575526  -0.20623834  +0.97848761  -0.00526565  +0.00454563  +0.00633934  +0.99996960  -9.18720436 +14.08511162  +5.21643257 
     202    1.6286  +0.97962147  +0.19983463  -0.02019692  -0.20057809  +0.97857994  -0.04636564  +0.01049884  +0.04947183  +0.99872035  -8.51070881 +15.94230556  +3.00176144 
     203    1.5403  +0.97600430  +0.21460514  -0.03688141  -0.21359187  +0.97647572  +0.02955781  +0.04235706  -0.02097098  +0.99888241  -8.00185299 +12.86637497  +4.99627686 
     204    1.6287  +0.97936815  +0.18624143  -0.07843567  -0.18541628  +0.98249996  +0.01773932  +0.08036683  -0.00283007  +0.99676132  -4.58087683 +11.58891678  +2.61101127 
     205    1.6444  +0.97100884  +0.21367651  -0.10716450  -0.21505925  +0.97660005  -0.00138058  +0.10436185  +0.02438727  +0.99424034  -3.87189364 +14.59689903  -0.34264341 
     206    1.5612  +0.99048549  +0.11549969  -0.07482190  -0.11268558  +0.99279213  +0.04081372  +0.07899656  -0.03199405  +0.99636132  -1.64733529  +5.52453279  +3.86806512 
     207    1.5877  +0.97678375  +0.21351291  -0.01748566  -0.21214612  +0.97541583  +0.05964890  +0.02979160  -0.05455456  +0.99806625  -9.47687531 +10.84944534  +7.76663399 
     208    1.5738  +0.97648937  +0.19260889  -0.09680019  -0.19045770  +0.98120326  +0.03108013  +0.10096697  -0.01191307  +0.99481845  -3.43779874 +11.07208157  +1.53152442 
     209    1.4994  +0.98931950  +0.14490581  +0.01578595  -0.14496575  +0.98943293  +0.00271581  -0.01522560  -0.00497522  +0.99987173  -7.91663218  +9.70525074  +7.58954954 
     210    1.5786  +0.98812819  +0.15297027  -0.01424224  -0.15223674  +0.98740345  +0.04310891  +0.02065722  -0.04042894  +0.99896884  -6.93328524  +8.17276287  +7.38453817 
     211    1.4927  +0.99318486  +0.11654472  +0.00105896  -0.11643445  +0.99175954  +0.05344235  +0.00517819  -0.05320144  +0.99857038  -5.82605600  +4.96652746  +9.00449944 
     212    1.5419  +0.99039721  +0.13598479  -0.02492992  -0.13414650  +0.98885316  +0.06460802  +0.03343774  -0.06064334  +0.99759924  -5.16604519  +5.80597258  +7.74760342 
     213    1.4957  +0.99730712  +0.07154217  -0.01613314  -0.07112110  +0.99714637  +0.02531644  +0.01789830  -0.02410086  +0.99954927  -2.76858807  +4.33268166  +6.45785427 
     214    1.5566  +0.99486727  +0.09627652  -0.03114370  -0.09572361  +0.99523067  +0.01878593  +0.03280380  -0.01570832  +0.99933839  -3.31005073  +6.07929230  +4.87726688 
     215    1.5444  +0.99644911  +0.07499372  +0.03827623  -0.07396700  +0.99687946  -0.02757189  -0.04022451  +0.02464280  +0.99888676  -6.21282053  +7.32411528  +6.92160606 
     216    1.5000  +0.99757272  +0.04996560  +0.04849841  -0.04935315  +0.99868679  -0.01374543  -0.04912152  +0.01131852  +0.99872869  -5.93227291  +4.91741943  +8.08538914 
     217    1.5118  +0.99709457  -0.07284994  -0.02225482  +0.07239102  +0.99715990  -0.02077551  +0.02370511  +0.01910410  +0.99953645  +4.66997862  -1.34690058  +3.44851017 
     218    1.5054  +0.99932760  -0.03468492  +0.01188497  +0.03438200  +0.99910080  +0.02480770  -0.01273473  -0.02438239  +0.99962157  +0.12795593  -2.08916259  +8.13067150 
     219    1.4259  +0.99960458  -0.01252572  -0.02517406  +0.01193024  +0.99964869  -0.02366690  +0.02546166  +0.02335721  +0.99940288  +1.01247478  +1.87168181  +3.25517106 
     220    1.4312  +0.99791157  +0.03614443  -0.05353598  -0.03407130  +0.99865258  +0.03914359  +0.05487867  -0.03723780  +0.99779844  -0.01083992  +1.17450368  +5.29558182 
     221    1.5061  +0.99695748  +0.06799509  -0.03811055  -0.06974062  +0.99648017  -0.04651383  +0.03481370  +0.04903017  +0.99819040  -2.82127881  +7.64726114  +1.62424111 
     222    1.5375  +0.99506336  -0.09562106  +0.02656168  +0.09552759  +0.99541533  +0.00476906  -0.02689593  -0.00220815  +0.99963582  +2.86230326  -4.49746037  +7.50066662 
     223    1.4569  +0.99987340  +0.01001285  -0.01236799  -0.00968970  +0.99961716  +0.02591647  +0.01262275  -0.02579335  +0.99958760  -1.51327372  -0.21007030  +6.87406683 
     224    1.5356  +0.99840099  -0.05158612  -0.02311639  +0.05225540  +0.99820238  +0.02934931  +0.02156082  -0.03051034  +0.99930191  +2.49778986  -3.52959514  +6.49156952 
     225    1.5385  +0.99917972  -0.03416872  +0.02173455  +0.03404176  +0.99940127  +0.00618494  -0.02193287  -0.00543998  +0.99974465  -0.82291746  -1.54527795  +7.79127359 
     226    1.5978  +0.99803007  +0.05857573  -0.02246876  -0.05754149  +0.99736404  +0.04420316  +0.02499877  -0.04282320  +0.99876988  -3.23928809  +1.39559197  +7.24309444 
     227    1.4937  +0.99241960  +0.11602349  -0.04051994  -0.11708312  +0.99281168  -0.02482990  +0.03734782  +0.02938588  +0.99887019  -5.07203960  +8.47458267  +2.56485224 
