       1    0.0000  +1.00000000  -0.00000000  +0.00000000  +0.00000000  +1.00000000  -0.00000000  -0.00000000  -0.00000000  +1.00000000  +0.00000000  -0.00000000  +0.00000000 
       2    0.7739  +0.99996501  +0.00797387  -0.00252500  -0.00796609  +0.99996352  +0.00307550  +0.00254943  -0.00305527  +0.99999207  -0.13222227  +0.16494152  +0.13900998 
       3    0.8193  +0.99994385  +0.00278462  -0.01022358  -0.00273513  +0.99998450  +0.00485161  +0.01023693  -0.00482338  +0.99993598  +0.33175713  -0.33099392  -0.16655265 
       4    0.9363  +0.99993402  -0.00000786  -0.01148685  +0.00014753  +0.99992609  +0.01215860  +0.01148590  -0.01215949  +0.99986011  +0.44506994  -1.02761865  +0.19319394 
       5    1.0827  +0.99905533  -0.01357005  -0.04128343  +0.01462853  +0.99956918  +0.02544620  +0.04092034  -0.02602608  +0.99882340  +3.03076792  -2.27525163  +0.09229962 
       6    0.9748  +0.99919671  -0.01024379  -0.03874294  +0.01148574  +0.99942279  +0.03197077  +0.03839307  -0.03239008  +0.99873763  +2.73203683  -2.60268974  +0.65592498 
       7    1.1003  +0.99847150  -0.01490895  -0.05321975  +0.01626311  +0.99955255  +0.02510302  +0.05282167  -0.02593017  +0.99826723  +4.15317345  -2.18054247  -0.10122883 
       8    1.0401  +0.99911106  -0.01395796  -0.03977829  +0.01469842  +0.99972296  +0.01838342  +0.03951067  -0.01895176  +0.99903941  +3.25259662  -1.45861638  +0.13774949 
       9    1.0695  +0.99928784  -0.01927897  -0.03243665  +0.01997846  +0.99957174  +0.02138082  +0.03201056  -0.02201363  +0.99924505  +3.11891270  -1.32144618  +0.50002658 
      10    1.0726  +0.99946570  -0.01830559  -0.02707748  +0.01928907  +0.99914682  +0.03651727  +0.02638591  -0.03702006  +0.99896610  +3.05909896  -2.08462024  +1.35239708 
      11    1.1587  +0.99869090  -0.01540443  -0.04877708  +0.01701810  +0.99931568  +0.03284206  +0.04823779  -0.03362916  +0.99826962  +4.31007528  -1.61130118  +0.21770859 
      12    1.1107  +0.99903494  -0.01759108  -0.04024596  +0.01912932  +0.99908853  +0.03816069  +0.03953798  -0.03889374  +0.99846083  +4.00537348  -2.03852201  +0.76396370 
      13    1.1707  +0.99879158  +0.00456998  -0.04893366  -0.00252506  +0.99912405  +0.04177010  +0.04908169  -0.04159607  +0.99792820  +3.65300298  -1.16241145  +0.39276949 
      14    1.3704  +0.99878949  -0.00181115  -0.04915623  +0.00393602  +0.99906021  +0.04316467  +0.04903185  -0.04330589  +0.99785793  +3.93736172  -1.85551631  +0.61222827 
      15    1.1578  +0.99867100  +0.01094921  -0.05036169  -0.00894752  +0.99916756  +0.03980133  +0.05075556  -0.03929782  +0.99793768  +3.03001356  -1.10078776  +0.46321240 
      16    1.3117  +0.99866915  +0.01739311  -0.04855269  -0.01558443  +0.99917942  +0.03738510  +0.04916309  -0.03657868  +0.99812073  +2.37945867  -0.52311563  +0.36442342 
      17    1.3175  +0.99915040  -0.00279232  -0.04111857  +0.00376694  +0.99971336  +0.02364419  +0.04104076  -0.02377899  +0.99887449  +2.96551895  -0.45479432  -0.10227378 
      18    1.3817  +0.99838585  +0.01758705  -0.05400394  -0.01619842  +0.99952954  +0.02604457  +0.05443658  -0.02512775  +0.99820101  +2.67002511  +0.06325263  -0.48883942 
      19    1.2686  +0.99855077  +0.01756184  -0.05087163  -0.01623049  +0.99951792  +0.02646659  +0.05131190  -0.02560256  +0.99835443  +2.52708912  +0.19699267  -0.41738799 
      20    1.2797  +0.99942315  +0.01709981  -0.02934138  -0.01636027  +0.99954700  +0.02526232  +0.02976006  -0.02476771  +0.99925017  +1.15913916  +0.61139047  +0.56628066 
      21    1.1859  +0.99832529  +0.01797283  -0.05498768  -0.01638532  +0.99943966  +0.02918630  +0.05548143  -0.02823643  +0.99806041  +2.60447764  +0.44257692  -0.36491394 
      22    1.3960  +0.99859452  +0.01129296  -0.05178282  -0.00933258  +0.99923629  +0.03794459  +0.05217178  -0.03740799  +0.99793726  +2.65981913  +0.07953098  +0.31495541 
      23    1.3829  +0.99832177  +0.00837662  -0.05730156  -0.00712175  +0.99973106  +0.02206872  +0.05747101  -0.02162360  +0.99811298  +3.30273652  +0.91679966  -0.76812053 
      24    1.3393  +0.99855763  +0.00294699  -0.05360990  -0.00192072  +0.99981409  +0.01918476  +0.05365647  -0.01905412  +0.99837762  +3.37753177  +0.87981558  -0.67306918 
      25    1.3560  +0.99871653  +0.01923433  -0.04685420  -0.01864571  +0.99974203  +0.01296760  +0.04709154  -0.01207732  +0.99881756  +2.15811348  +1.63406050  -0.75273710 
      26    1.4167  +0.99764907  +0.00981004  -0.06782412  -0.00904206  +0.99989158  +0.01162081  +0.06793077  -0.01098022  +0.99762964  +3.79948354  +1.20278716  -1.26932514 
      27    1.2690  +0.99743038  +0.01224677  -0.07058746  -0.01201321  +0.99992085  +0.00373239  +0.07062759  -0.00287482  +0.99749863  +3.70831203  +1.92760134  -1.84963489 
      28    1.2735  +0.99809754  -0.01110290  -0.06064719  +0.01144199  +0.99992079  +0.00524672  +0.06058413  -0.00593066  +0.99814546  +4.46251059  +0.86248583  -1.16479123 
      29    1.2302  +0.99814165  -0.02197193  -0.05683734  +0.02279389  +0.99964422  +0.01385391  +0.05651272  -0.01512371  +0.99828732  +4.60374641  +0.14026277  -0.64123535 
      30    1.3722  +0.99695069  -0.02999825  -0.07203753  +0.03154288  +0.99929416  +0.02040081  +0.07137469  -0.02261088  +0.99719328  +6.02840662  -0.32990363  -0.80021226 
      31    1.3814  +0.99778795  -0.02374156  -0.06209322  +0.02576980  +0.99915338  +0.03207017  +0.06127926  -0.03359935  +0.99755496  +5.25769043  -0.60856938  +0.31508467 
      32    1.3158  +0.99776250  -0.02510089  -0.06196678  +0.02682157  +0.99927300  +0.02709379  +0.06124165  -0.02869521  +0.99771041  +5.31013536  -0.42992100  -0.12710376 
      33    1.4849  +0.99819177  -0.02349757  -0.05532699  +0.02471317  +0.99946570  +0.02139048  +0.05479480  -0.02271910  +0.99823916  +4.69113493  -0.16335955  -0.44993958 
      34    1.4189  +0.99805701  -0.00374178  -0.06219531  +0.00603863  +0.99930501  +0.03678283  +0.06201445  -0.03708693  +0.99738598  +3.98844194  -0.37492418  +0.12603408 
      35    1.4005  +0.99649101  -0.00956894  -0.08315074  +0.01250349  +0.99931455  +0.03484325  +0.08276033  -0.03576067  +0.99592763  +5.35222769  -0.87757534  -0.93004125 
      36    1.4257  +0.99770635  -0.01791398  -0.06527694  +0.01988613  +0.99936134  +0.02968857  +0.06470342  -0.03091859  +0.99742544  +4.87191343  -0.90570372  -0.36438957 
      37    1.2398  +0.99725527  -0.01404464  -0.07269548  +0.01636868  +0.99937057  +0.03147305  +0.07220770  -0.03257659  +0.99685746  +5.21088982  -0.70688897  -0.60338229 
      38    1.2281  +0.99658710  -0.01357555  -0.08142422  +0.01679189  +0.99910015  +0.03894727  +0.08082222  -0.04018161  +0.99591827  +5.70551968  -1.56593311  -0.64282048 
      39    1.3208  +0.99653435  -0.01389742  -0.08201307  +0.01747548  +0.99891907  +0.04307263  +0.08132583  -0.04435657  +0.99570006  +5.62789536  -1.91116607  -0.37673604 
      40    1.4571  +0.99633974  +0.01165208  -0.08468413  -0.00769975  +0.99887228  +0.04684905  +0.08513453  -0.04602553  +0.99530584  +4.18153286  -1.05859876  -0.56793559 
      41    1.4365  +0.99585974  +0.00611472  -0.09069707  -0.00328226  +0.99950320  +0.03134625  +0.09084368  -0.03091878  +0.99538505  +4.93166590  -0.55158812  -1.68987799 
      42    1.2578  +0.99531877  -0.00962485  -0.09616604  +0.01281413  +0.99938625  +0.03260194  +0.09579323  -0.03368161  +0.99483126  +6.33250761  -1.52623129  -2.05906844 
      43    1.3037  +0.99526191  -0.00558282  -0.09706976  +0.00899039  +0.99935722  +0.03470246  +0.09681363  -0.03541073  +0.99467242  +6.54608631  -1.28937435  -1.82837510 
      44    1.5220  +0.99495363  +0.01019636  -0.09981627  -0.00593233  +0.99906081  +0.04292275  +0.10016017  -0.04211400  +0.99407965  +5.66935682  -1.26178777  -1.63629770 
      45    1.3932  +0.99548250  -0.00664169  -0.09471285  +0.01102032  +0.99889064  +0.04578274  +0.09430370  -0.04661969  +0.99445134  +6.23440123  -2.25162005  -0.98321831 
      46    1.5120  +0.99677408  -0.01437466  -0.07896053  +0.01740706  +0.99913180  +0.03785091  +0.07834788  -0.03910327  +0.99615890  +5.99660540  -2.03813362  -0.80056214 
      47    1.4892  +0.99673855  -0.00779591  -0.08032147  +0.01059978  +0.99934709  +0.03454112  +0.07999974  -0.03527986  +0.99617034  +5.61486816  -1.78460121  -1.03205967 
      48    1.3236  +0.99719548  -0.00619472  -0.07458395  +0.00914069  +0.99918872  +0.03922236  +0.07428047  -0.03979411  +0.99644309  +5.26789474  -1.78694999  -0.79772192 
      49    1.3782  +0.99788618  +0.00089166  -0.06497960  +0.00183911  +0.99911791  +0.04195315  +0.06495969  -0.04198397  +0.99700433  +4.32610321  -1.67731583  -0.26875961 
      50    1.5080  +0.99820781  -0.01330501  -0.05834508  +0.01578235  +0.99898422  +0.04220694  +0.05772425  -0.04305211  +0.99740386  +4.91655588  -2.40869236  -0.07267574 
      51    1.4344  +0.99867427  -0.00967949  -0.05055681  +0.01184002  +0.99902153  +0.04261155  +0.05009489  -0.04315366  +0.99781173  +4.18141508  -2.16156745  +0.16997452 
      52    1.5020  +0.99785078  -0.01780419  -0.06306237  +0.02135050  +0.99820161  +0.05601491  +0.06195166  -0.05724094  +0.99643636  +5.17156315  -3.31370401  +0.52819717 
      53    1.4239  +0.99747920  -0.01486438  -0.06938528  +0.01838164  +0.99856341  +0.05033174  +0.06853746  -0.05148027  +0.99631941  +5.32936954  -2.83718848  -0.15054093 
      54    1.4118  +0.99748695  -0.01036929  -0.07008716  +0.01356077  +0.99888527  +0.04521462  +0.06954020  -0.04605142  +0.99651563  +5.22508717  -2.50681114  -0.20779185 
      55    1.4287  +0.99672794  -0.00281001  -0.08078030  +0.00718542  +0.99851918  +0.05392468  +0.08050914  -0.05432867  +0.99527216  +5.27231598  -2.49892879  -0.33057153 
      56    1.5120  +0.99717975  -0.00241599  -0.07501137  +0.00568449  +0.99904203  +0.04339053  +0.07483467  -0.04369456  +0.99623823  +4.80414581  -1.96949136  -0.60162228 
      57    1.7123  +0.99692196  -0.00057762  -0.07839819  +0.00308268  +0.99948835  +0.03183569  +0.07833970  -0.03197938  +0.99641365  +4.74904251  -0.84583712  -1.44427764 
      58    1.5222  +0.99786568  -0.01050681  -0.06444900  +0.01274062  +0.99932873  +0.03434763  +0.06404486  -0.03509545  +0.99732971  +4.68719006  -1.55977213  -0.72197008 
      59    1.6457  +0.99756104  -0.00017605  -0.06979942  +0.00278215  +0.99930245  +0.03724150  +0.06974418  -0.03734486  +0.99686563  +4.79186869  -1.02354884  -1.08287656 
      60    1.6106  +0.99840200  +0.00617919  -0.05617142  -0.00440201  +0.99948752  +0.03170747  +0.05633856  -0.03140953  +0.99791753  +3.72982645  -0.30489820  -0.76331675 
      61    1.7364  +0.99927372  -0.01572762  -0.03470894  +0.01673665  +0.99944001  +0.02897461  +0.03423380  -0.02953447  +0.99897736  +3.77685976  -0.86970526  +0.45549622 
      62    1.6635  +0.99930465  -0.02862185  -0.02389478  +0.02928399  +0.99918348  +0.02783652  +0.02307853  -0.02851690  +0.99932688  +4.08387613  -1.52885425  +0.54426652 
      63    1.6691  +0.99907857  -0.03034826  -0.03034786  +0.03100519  +0.99928975  +0.02141559  +0.02967638  -0.02233680  +0.99930996  +4.72097731  -1.21722269  -0.11160555 
      64    1.5666  +0.99876243  -0.04323392  -0.02458436  +0.04363502  +0.99891907  +0.01601972  +0.02386519  -0.01707263  +0.99956942  +5.24680138  -1.49235058  -0.53276432 
      65    1.5808  +0.99884677  -0.03500970  -0.03285503  +0.03538379  +0.99931461  +0.01087446  +0.03245180  -0.01202446  +0.99940097  +5.45273590  -1.33616102  -1.47704005 
      66    1.5573  +0.99931967  -0.01648222  -0.03299205  +0.01766854  +0.99919575  +0.03599520  +0.03237224  -0.03655364  +0.99880725  +4.32522774  -2.30378628  +0.16363810 
      67    1.6004  +0.99956828  -0.01579616  -0.02477342  +0.01668705  +0.99920607  +0.03617731  +0.02418229  -0.03657509  +0.99903828  +4.07033920  -2.32866073  +0.51473129 
      68    1.5003  +0.99969286  -0.02088862  -0.01333767  +0.02126876  +0.99935240  +0.02902557  +0.01272273  -0.02930033  +0.99948967  +3.53907180  -2.26244378  +0.70041960 
      69    1.5211  +0.99927604  -0.02167331  -0.03126711  +0.02244477  +0.99944693  +0.02453693  +0.03071802  -0.02522095  +0.99920982  +4.41556644  -2.16108298  -0.59300047 
      70    1.4018  +0.99940979  -0.02231817  -0.02611448  +0.02311779  +0.99926037  +0.03072925  +0.02540935  -0.03131482  +0.99918652  +4.30185604  -2.69915700  -0.10838114 
      71    1.4432  +0.99930257  -0.01030741  -0.03589044  +0.01074659  +0.99986947  +0.01206529  +0.03576139  -0.01244258  +0.99928290  +4.13505125  -1.33677053  -1.71435988 
      72    1.5534  +0.99978572  -0.01907603  -0.00804020  +0.01915185  +0.99977183  +0.00946199  +0.00785787  -0.00961395  +0.99992293  +3.31487417  -1.31675696  -0.12405998 
      73    1.5537  +0.99944788  -0.03307991  -0.00310482  +0.03314264  +0.99918646  +0.02297843  +0.00234217  -0.02306865  +0.99973112  +3.98737025  -2.36703420  +0.69649196 
      74    1.5947  +0.99938220  -0.03206119  -0.01439876  +0.03222753  +0.99941468  +0.01147272  +0.01402250  -0.01192967  +0.99983048  +4.42362499  -1.62657523  -0.45034349 
      75    1.5809  +0.99987298  -0.01586256  -0.00155730  +0.01590087  +0.99945790  +0.02882810  +0.00109917  -0.02884920  +0.99958318  +2.45671940  -1.96214128  +1.05824292 
      76    1.5444  +0.99946368  -0.02832814  +0.01642766  +0.02785133  +0.99920398  +0.02856150  -0.01722368  -0.02808865  +0.99945706  +1.92970800  -2.74187708  +1.85470104 
      77    1.5736  +0.99939615  -0.02359724  +0.02550516  +0.02303284  +0.99948817  +0.02220085  -0.02601599  -0.02159999  +0.99942815  +0.99888974  -1.93794692  +2.00027895 
      78    1.3822  +0.99889266  -0.03370615  +0.03282306  +0.03338555  +0.99938983  +0.01026746  -0.03314910  -0.00916027  +0.99940842  +1.21124113  -1.75502622  +1.61521530 
      79    1.4076  +0.99854547  -0.03640905  +0.03976585  +0.03600651  +0.99929327  +0.01079267  -0.04013069  -0.00934515  +0.99915075  +0.73352712  -1.90819418  +1.53865409 
      80    1.4691  +0.99820364  -0.04178087  +0.04293971  +0.04161069  +0.99912214  +0.00484961  -0.04310463  -0.00305415  +0.99906588  +1.10529459  -1.86689782  +1.46585655 
      81    1.5839  +0.99885321  -0.03684934  +0.03056866  +0.03706777  +0.99929088  -0.00660971  -0.03030343  +0.00773524  +0.99951082  +1.61278307  -0.90060985  +0.73678815 
      82    1.5915  +0.99800617  -0.03406499  +0.05313412  +0.03412728  +0.99941748  -0.00026522  -0.05309413  +0.00207801  +0.99858737  +0.19856268  -1.05182660  +2.18933797 
      83    1.5671  +0.99794406  -0.05020497  +0.03983796  +0.05037849  +0.99872452  -0.00336305  -0.03961831  +0.00536311  +0.99920052  +1.95803869  -1.73130739  +1.12833333 
      84    1.4812  +0.99821252  -0.04459524  +0.03978745  +0.04427468  +0.99897975  +0.00890244  -0.04014386  -0.00712495  +0.99916852  +1.50767064  -2.11882401  +2.01127315 
      85    1.4612  +0.99785060  -0.05137067  +0.04068490  +0.05160642  +0.99865615  -0.00476514  -0.04038544  +0.00685450  +0.99916065  +1.69437766  -1.44290578  +1.36338115 
      86    1.5567  +0.99829543  -0.03536841  +0.04642572  +0.03555229  +0.99936289  -0.00314096  -0.04628504  +0.00478614  +0.99891680  +0.45469543  -1.12025535  +1.84545648 
      87    1.5683  +0.99773133  -0.04778645  +0.04741953  +0.04750730  +0.99884641  +0.00699711  -0.04769919  -0.00472846  +0.99885052  +1.32680225  -2.05729699  +2.44854641 
      88    1.6404  +0.99666005  -0.06678715  +0.04699168  +0.06630377  +0.99773002  +0.01177299  -0.04767130  -0.00861795  +0.99882591  +2.27810764  -2.96622968  +2.58936191 
      89    1.7387  +0.99700516  -0.06472102  +0.04233036  +0.06437540  +0.99788076  +0.00947900  -0.04285414  -0.00672558  +0.99905872  +2.89954448  -2.81875324  +2.13132477 
      90    1.7247  +0.99758679  -0.05671948  +0.04004433  +0.05715943  +0.99831569  -0.00992750  -0.03941380  +0.01219245  +0.99914861  +2.31974459  -1.05739510  +0.84453207 
      91    1.7023  +0.99690592  -0.06312224  +0.04684161  +0.06290707  +0.99800104  +0.00605501  -0.04713018  -0.00308960  +0.99888396  +2.19038367  -2.37242603  +2.04625130 
      92    1.6933  +0.99552470  -0.08907518  +0.03156161  +0.08945147  +0.99593353  -0.01071527  -0.03047880  +0.01349054  +0.99944437  +4.70714808  -2.58086824  +0.61969244 
      93    1.8193  +0.99639493  -0.07763587  +0.03420176  +0.07773154  +0.99697322  -0.00147468  -0.03398375  +0.00412792  +0.99941385  +3.82452154  -2.66756558  +1.41344202 
      94    1.7346  +0.99720722  -0.07004662  +0.02590718  +0.07029106  +0.99748904  -0.00864676  -0.02523645  +0.01044366  +0.99962693  +3.72217369  -2.28526330  +0.51053262 
      95    1.6795  +0.99729592  -0.07172211  +0.01602596  +0.07193982  +0.99731833  -0.01344830  -0.01501844  +0.01456484  +0.99978113  +4.23768091  -2.21041751  -0.31533593 
      96    1.7476  +0.99902034  -0.04357530  +0.00772047  +0.04373456  +0.99880475  -0.02182489  -0.00676022  +0.02214116  +0.99973202  +3.10742474  -0.86416173  -1.52000225 
      97    1.8234  +0.99961931  -0.02417890  +0.01329149  +0.02444704  +0.99949306  -0.02039527  -0.01279162  +0.02071244  +0.99970365  +1.45942163  -0.17938575  -0.66781616 
      98    1.8146  +0.99972570  -0.02207590  -0.00782295  +0.02193344  +0.99960005  -0.01785169  +0.00821391  +0.01767520  +0.99981004  +2.51967931  +0.21384212  -1.61869085 
      99    1.6940  +0.99879628  -0.03384033  -0.03550774  +0.03258754  +0.99884576  -0.03528706  +0.03666088  +0.03408748  +0.99874622  +4.43125010  +0.66303897  -3.28102016 
     100    1.7510  +0.99894947  -0.01459558  -0.04343916  +0.01259350  +0.99886155  -0.04601139  +0.04406127  +0.04541600  +0.99799597  +3.89408326  +2.28336525  -4.42078876 
     101    1.8743  +0.99889064  -0.00391078  -0.04692771  +0.00128901  +0.99844289  -0.05576893  +0.04707273  +0.05564657  +0.99734026  +3.58883309  +3.33771753  -4.83163595 
     102    1.7916  +0.99919701  +0.00414209  -0.03985179  -0.00597832  +0.99892038  -0.04606815  +0.03961795  +0.04626941  +0.99814308  +2.57486176  +2.92265248  -4.11805058 
     103    1.6452  +0.99894178  +0.01552782  -0.04329277  -0.01732079  +0.99899447  -0.04135219  +0.04260713  +0.04205829  +0.99820626  +1.99249816  +3.65010214  -4.03517866 
     104    1.5561  +0.99832100  -0.01594832  -0.05568509  +0.01410378  +0.99934381  -0.03336168  +0.05618061  +0.03252030  +0.99789089  +4.76316309  +1.64379990  -4.00866747 
     105    1.4767  +0.99820721  -0.00368981  -0.05973887  +0.00122098  +0.99914557  -0.04131091  +0.05984025  +0.04116391  +0.99735886  +4.08873987  +3.01756525  -4.47978973 
     106    1.4477  +0.99769056  -0.03133054  -0.06026530  +0.02783943  +0.99793291  -0.05792118  +0.06195542  +0.05610966  +0.99650049  +5.74882555  +2.50151682  -5.36614847 
     107    1.3937  +0.99880981  -0.02006589  -0.04445589  +0.01824149  +0.99898970  -0.04107087  +0.04523510  +0.04021104  +0.99816674  +4.02280140  +1.65597761  -4.24185896 
     108    1.5737  +0.99888933  -0.00785917  -0.04645854  +0.00576472  +0.99896830  -0.04504531  +0.04676463  +0.04472746  +0.99790406  +3.34024167  +2.24177194  -4.86071968 
     109    1.4404  +0.99884290  -0.01377500  -0.04607750  +0.01269412  +0.99963927  -0.02366862  +0.04638691  +0.02305632  +0.99865741  +3.54806519  +0.82499456  -3.49543118 
     110    1.6205  +0.99880010  -0.00888844  -0.04815997  +0.00901694  +0.99995637  +0.00245150  +0.04813608  -0.00288281  +0.99883664  +3.66652250  -0.57527947  -1.93151402 
     111    1.7818  +0.99924058  -0.00257802  -0.03887947  +0.00241502  +0.99998808  -0.00423878  +0.03888993  +0.00414167  +0.99923491  +2.51397228  +0.38130057  -1.93937862 
     112    1.7921  +0.99814767  +0.00650363  -0.06048914  -0.00604353  +0.99995142  +0.00778611  +0.06053684  -0.00740612  +0.99813849  +3.37315464  +0.07409193  -2.31560731 
     113    1.7364  +0.99780667  +0.00626751  -0.06589822  -0.00578871  +0.99995548  +0.00745424  +0.06594200  -0.00705643  +0.99779850  +3.78104234  +0.30325857  -2.46455956 
     114    1.8311  +0.99902904  -0.00985611  -0.04293945  +0.00929159  +0.99986804  -0.01332655  +0.04306513  +0.01291464  +0.99898881  +3.13825011  +0.88437271  -2.96649551 
     115    1.6388  +0.99745035  -0.00410409  -0.07124553  +0.00328634  +0.99992740  -0.01159133  +0.07128793  +0.01132764  +0.99739146  +4.57104969  +1.04420710  -4.29481220 
     116    1.6640  +0.99873042  -0.02170976  -0.04545529  +0.02163171  +0.99976355  -0.00220836  +0.04549249  +0.00122228  +0.99896395  +3.98997712  -0.36261904  -2.60902500 
     117    1.5247  +0.99894059  -0.03371479  -0.03132073  +0.03365239  +0.99943042  -0.00251762  +0.03138777  +0.00146093  +0.99950624  +3.90974569  -0.74120766  -1.90270174 
     118    1.5728  +0.99965847  +0.00122479  -0.02610470  -0.00124820  +0.99999881  -0.00088075  +0.02610359  +0.00091304  +0.99965882  +1.59565187  +0.78785163  -1.77346337 
     119    1.5599  +0.99877936  -0.01248821  -0.04778970  +0.01133056  +0.99963760  -0.02441861  +0.04807733  +0.02384732  +0.99855888  +3.29642248  +1.55090916  -3.70011067 
     120    1.5285  +0.99881446  +0.00204843  -0.04863596  -0.00313336  +0.99974769  -0.02224151  +0.04857813  +0.02236754  +0.99856889  +2.61373019  +2.40205550  -3.88464713 
     121    1.6102  +0.99981678  +0.00287344  -0.01892396  -0.00364112  +0.99916649  -0.04065776  +0.01879135  +0.04071922  +0.99899393  +0.86763901  +3.81078386  -3.11226225 
     122    1.7200  +0.99883568  -0.00851741  -0.04748363  +0.00630038  +0.99889159  -0.04664606  +0.04782831  +0.04629258  +0.99778229  +3.35015297  +3.58612704  -4.90840292 
     123    1.7980  +0.99884093  -0.02534933  -0.04091764  +0.02301281  +0.99813181  -0.05659755  +0.04227591  +0.05559032  +0.99755824  +3.94430637  +3.46297908  -5.46239948 
     124    1.7843  +0.99930429  -0.02449812  -0.02812143  +0.02300444  +0.99836832  -0.05226307  +0.02935589  +0.05157979  +0.99823731  +2.86520123  +3.42951274  -4.59269571 
     125    1.7182  +0.99954855  -0.01340769  -0.02688792  +0.01274574  +0.99961513  -0.02464076  +0.02720795  +0.02428693  +0.99933469  +1.92862976  +2.44244504  -3.10519958 
     126    1.8250  +0.99852848  -0.01303073  -0.05264096  +0.01250344  +0.99986845  -0.01033375  +0.05276869  +0.00966035  +0.99856001  +3.57775378  +1.39547229  -3.51914859 
     127    1.8663  +0.99799258  -0.00872859  -0.06272620  +0.00775854  +0.99984676  -0.01569173  +0.06285355  +0.01517356  +0.99790740  +3.99194574  +2.14951134  -4.18512154 
     128    1.7424  +0.99632919  -0.00057374  -0.08560240  +0.00044175  +0.99999869  -0.00156084  +0.08560318  +0.00151730  +0.99632818  +4.91181326  +1.48696506  -4.97200394 
     129    1.7519  +0.99728215  -0.02861439  -0.06789385  +0.02891942  +0.99957556  +0.00351399  +0.06776448  -0.00546789  +0.99768639  +5.20911789  -0.32270050  -3.91888309 
     130    1.6119  +0.99605018  -0.02313361  -0.08572540  +0.02588198  +0.99918145  +0.03108852  +0.08493605  -0.03318447  +0.99583364  +5.76455069  -1.59775257  -3.04530907 
     131    1.8373  +0.99837565  -0.02316944  -0.05205065  +0.02364323  +0.99968427  +0.00850532  +0.05183716  -0.00972215  +0.99860823  +3.61948967  +0.13656126  -2.59046745 
     132    1.7929  +0.99903381  -0.02002656  -0.03912085  +0.02147822  +0.99908268  +0.03704614  +0.03834306  -0.03785059  +0.99854749  +2.41289997  -1.21165121  -0.52816188 
     133    1.8635  +0.99910581  -0.01746352  -0.03850481  +0.01920712  +0.99878478  +0.04538769  +0.03766539  -0.04608667  +0.99822712  +2.21235609  -1.46014059  +0.01815616 
     134    1.9816  +0.99793291  -0.02009269  -0.06104215  +0.02245197  +0.99901736  +0.03821308  +0.06021436  -0.03950461  +0.99740344  +3.74070573  -1.51186395  -1.74852812 
     135    1.8153  +0.99831337  -0.01934949  -0.05473569  +0.02201581  +0.99857873  +0.04853671  +0.05371873  -0.04965990  +0.99732053  +3.37735724  -2.01595902  -0.87939888 
     136    1.9775  +0.99827224  -0.01718951  -0.05618725  +0.02150041  +0.99679595  +0.07704292  +0.05468289  -0.07811786  +0.99544328  +3.55173969  -3.37468076  +0.66951555 
     137    2.0348  +0.99942160  -0.01861759  -0.02845812  +0.02004219  +0.99851674  +0.05062263  +0.02747344  -0.05116371  +0.99831229  +1.89078772  -1.77051961  +0.10226093 
     138    1.7742  +0.99862146  -0.04498882  -0.02704008  +0.04601673  +0.99819165  +0.03867710  +0.02525115  -0.03986808  +0.99888581  +3.38525081  -2.49238944  -0.36130393 
     139    1.8234  +0.99955374  -0.02956832  -0.00424270  +0.02976139  +0.99794954  +0.05666494  +0.00255851  -0.05676593  +0.99838424  +1.07256138  -2.59246826  +1.37061250 
     140    1.7422  +0.99923116  -0.02576988  -0.02954592  +0.02752062  +0.99779081  +0.06046560  +0.02792246  -0.06123223  +0.99773288  +2.77409053  -2.38992262  +0.24753797 
     141    1.7457  +0.99827695  -0.05857155  -0.00353021  +0.05866009  +0.99764693  +0.03549094  +0.00144314  -0.03563688  +0.99936378  +2.92447639  -2.64659643  +0.20474353 
     142    1.7805  +0.99928832  -0.03772062  -0.00013848  +0.03768465  +0.99816126  +0.04747648  -0.00165261  -0.04744791  +0.99887234  +1.61791205  -2.36014986  +1.41381454 
     143    1.9517  +0.99980515  -0.00872801  -0.01770382  +0.01013454  +0.99666411  +0.08098111  +0.01693796  -0.08114476  +0.99655837  +1.13680959  -2.79393983  +2.58244395 
     144    2.0880  +0.99964708  -0.01410485  -0.02251055  +0.01650949  +0.99374056  +0.11048618  +0.02081126  -0.11081883  +0.99362272  +1.83639109  -4.53639603  +4.35660267 
     145    1.9746  +0.99912477  -0.04145420  -0.00558989  +0.04177188  +0.99580657  +0.08139055  +0.00219246  -0.08155281  +0.99666661  +2.56714177  -4.03620672  +3.73769689 
     146    1.7302  +0.99661624  -0.08177356  -0.00831858  +0.08217487  +0.99352092  +0.07850804  +0.00184480  -0.07892597  +0.99687880  +5.16225147  -5.95701551  +3.44219303 
     147    1.7170  +0.99753839  -0.06675240  -0.02147784  +0.06744799  +0.99716091  +0.03347967  +0.01918202  -0.03484589  +0.99920857  +4.89756107  -2.60265112  +0.31100315 
     148    1.8078  +0.99862278  -0.05091121  -0.01267066  +0.05166218  +0.99631548  +0.06845790  +0.00913870  -0.06901821  +0.99757355  +3.41973853  -3.57197833  +2.61400437 
     149    1.7538  +0.99797559  -0.06091794  +0.01826944  +0.05932906  +0.99521786  +0.07759803  -0.02290918  -0.07635703  +0.99681735  +2.22117186  -4.48197937  +4.83308601 
     150    1.6845  +0.99737352  -0.07047981  +0.01669327  +0.06937976  +0.99583143  +0.05921354  -0.02079705  -0.05789984  +0.99810576  +2.58317924  -4.37926245  +3.57220769 
     151    1.7936  +0.99886405  -0.04068452  -0.02480640  +0.04154633  +0.99851364  +0.03527674  +0.02333431  -0.03626728  +0.99906969  +3.22227907  -2.09940553  -0.16100374 
     152    1.7692  +0.99960762  -0.02777764  -0.00361036  +0.02791852  +0.99846792  +0.04777364  +0.00227779  -0.04785569  +0.99885166  +1.33510673  -2.20516539  +1.67797971 
     153    1.6780  +0.99907804  -0.03992555  +0.01578023  +0.03917991  +0.99821705  +0.04502905  -0.01754990  -0.04436927  +0.99886101  +0.97778690  -2.55228209  +2.41320825 
     154    1.6737  +0.99819785  -0.05879084  +0.01202774  +0.05867506  +0.99822938  +0.00976311  -0.01258043  -0.00903979  +0.99988002  +2.27089167  -1.83635509  +0.38847589 
     155    1.7100  +0.99728501  -0.07203366  +0.01528785  +0.07185843  +0.99734598  +0.01171785  -0.01609136  -0.01058747  +0.99981445  +3.15376401  -2.84263730  +0.74918616 
     156    1.7177  +0.99778241  -0.06540093  -0.01237088  +0.06529544  +0.99782765  -0.00874807  +0.01291614  +0.00792091  +0.99988520  +4.17803383  -1.87581313  -1.60486448 
     157    1.7750  +0.99603999  -0.08457330  -0.02741702  +0.08361226  +0.99590147  -0.03448644  +0.03022128  +0.03205748  +0.99902904  +5.97621536  -1.35029829  -3.76734376 
     158    1.7621  +0.99830782  -0.05805558  -0.00331340  +0.05807813  +0.99828625  +0.00717219  +0.00289133  -0.00735249  +0.99996877  +2.85724473  -2.53509593  -0.21403320 
     159    1.8469  +0.99893004  -0.04622747  -0.00133914  +0.04622595  +0.99893034  -0.00114099  +0.00139046  +0.00107787  +0.99999845  +2.12265968  -1.40371072  -1.07116294 
     160    1.8133  +0.99975646  -0.02029730  +0.00866018  +0.02053838  +0.99937642  -0.02872277  -0.00807179  +0.02889364  +0.99954993  +0.23627070  +1.72980022  -1.86891544 
     161    1.6739  +0.99894035  -0.04597642  -0.00207432  +0.04599677  +0.99887931  +0.01115227  +0.00155926  -0.01123586  +0.99993569  +2.20350242  -1.87159324  -0.27822658 
     162    1.6942  +0.99854082  -0.05291347  -0.01078686  +0.05310721  +0.99841666  +0.01854306  +0.00978861  -0.01908886  +0.99976987  +3.19022703  -2.69546556  -0.24100243 
     163    1.7470  +0.99893534  -0.04590287  -0.00459964  +0.04602598  +0.99843669  +0.03171442  +0.00313667  -0.03189236  +0.99948639  +2.43447876  -3.17698479  +0.94339842 
     164    1.6876  +0.99750739  -0.04716929  +0.05247909  +0.04619343  +0.99873912  +0.01965605  -0.05334008  -0.01718287  +0.99842858  -0.72566897  -2.67243481  +3.31779885 
     165    1.5773  +0.99899185  -0.00880816  +0.04401988  +0.00836372  +0.99991226  +0.01027040  -0.04410648  -0.00989187  +0.99897784  -2.62476516  -0.25738853  +2.38928843 
     166    1.5685  +0.99898261  +0.00584320  +0.04471707  -0.00829805  +0.99845684  +0.05491023  -0.04432721  -0.05522543  +0.99748945  -3.57149696  -2.28771901  +4.70170975 
     167    1.6466  +0.99770719  -0.00953898  +0.06700240  +0.00547614  +0.99814945  +0.06056124  -0.06745610  -0.06005547  +0.99591315  -3.63406181  -3.64547586  +6.19634151 
     168    1.5783  +0.99913806  +0.00041719  +0.04150797  -0.00098729  +0.99990547  +0.01371532  -0.04149833  -0.01374448  +0.99904406  -3.02443814  -0.35702121  +1.41638207 
     169    1.5387  +0.99909216  +0.00140462  +0.04257765  -0.00070020  +0.99986273  -0.01655478  -0.04259506  +0.01650994  +0.99895602  -2.64070034  +1.09870744  -0.36109659 
     170    1.6342  +0.99812847  +0.00440839  +0.06099294  -0.00417376  +0.99998337  -0.00397380  -0.06100944  +0.00371179  +0.99813026  -3.57928514  +0.67584693  +1.06742549 
     171    1.6631  +0.99719942  -0.00406718  +0.07467783  +0.00058400  +0.99891323  +0.04660549  -0.07478623  -0.04643136  +0.99611807  -3.89971876  -2.43136358  +4.51754332 
     172    1.7057  +0.99676454  -0.01701258  +0.07855614  +0.01341241  +0.99884534  +0.04613170  -0.07925025  -0.04492882  +0.99584174  -3.57182169  -3.45070934  +5.01400614 
     173    1.6615  +0.99642521  -0.03414521  +0.07727150  +0.03341692  +0.99938422  +0.01069888  -0.07758924  -0.00807846  +0.99695265  -2.43395901  -2.39305568  +2.54910970 
     174    1.6242  +0.99810749  -0.04299857  +0.04396097  +0.04263168  +0.99904805  +0.00925004  -0.04431686  -0.00735840  +0.99899042  -0.32094929  -2.81800795  +0.67091787 
     175    1.5956  +0.99817258  -0.04374824  +0.04168465  +0.04301610  +0.99890673  +0.01830231  -0.04243977  -0.01647575  +0.99896318  -0.73431492  -3.52332258  +1.10391510 
     176    1.7587  +0.99960589  -0.02792881  +0.00284527  +0.02792341  +0.99960822  +0.00192066  -0.00289780  -0.00184046  +0.99999410  +0.75295407  -2.33913851  -2.40736485 
     177    1.7644  +0.99828231  -0.00211529  +0.05854862  +0.00087448  +0.99977463  +0.02121040  -0.05858029  -0.02112277  +0.99805921  -3.78076577  -1.51127863  +1.80558658 
     178    1.7654  +0.99895728  +0.00625851  +0.04522404  -0.00792117  +0.99929565  +0.03667980  -0.04496263  -0.03699978  +0.99830323  -3.55745840  -1.69861782  +2.02768183 
     179    1.6847  +0.99712020  +0.04939457  +0.05754547  -0.05036299  +0.99861068  +0.01550099  -0.05669986  -0.01835451  +0.99822253  -6.52287102  +2.38984752  +1.82810032 
     180    1.7165  +0.99651462  +0.05899457  +0.05897651  -0.06160598  +0.99715281  +0.04348608  -0.05624315  -0.04696782  +0.99731177  -7.23687744  +1.56322539  +3.53201675 
     181    1.7851  +0.99792838  +0.02847356  +0.05769044  -0.02788233  +0.99955040  -0.01102764  -0.05797850  +0.00939625  +0.99827361  -5.57219934  +2.62392020  +0.33413404 
     182    1.8438  +0.99998450  -0.00111988  +0.00545368  +0.00081187  +0.99842173  +0.05615539  -0.00550796  -0.05615009  +0.99840713  -1.03606319  -2.70874977  +1.01865983 
     183    1.7174  +0.99965942  +0.00518601  +0.02557624  -0.00694223  +0.99758816  +0.06906247  -0.02515640  -0.06921651  +0.99728441  -2.65472770  -2.77875757  +3.32672501 
     184    1.7319  +0.99943566  -0.01929318  +0.02749838  +0.01777251  +0.99835503  +0.05451061  -0.02850483  -0.05399113  +0.99813449  -1.24915743  -3.26794457  +2.47833490 
     185    1.8102  +0.99984068  -0.01739831  +0.00399363  +0.01712871  +0.99806565  +0.05976266  -0.00502567  -0.05968473  +0.99820465  -0.07383601  -3.50567651  +1.83286417 
     186    1.8122  +0.99883229  -0.04740606  -0.00931130  +0.04742704  +0.99887264  +0.00204514  +0.00920385  -0.00248436  +0.99995458  +2.39363956  -1.99886215  -2.16915703 
     187    1.7328  +0.99902654  -0.01702117  -0.04069664  +0.01937491  +0.99811929  +0.05815934  +0.03963016  -0.05889123  +0.99747747  +2.43049741  -3.73239040  -0.32561430 
     188    1.7676  +0.99862272  -0.03432192  -0.03968235  +0.03696179  +0.99701226  +0.06782635  +0.03723585  -0.06919967  +0.99690765  +3.41764927  -5.17773342  +0.31194803 
     189    1.8098  +0.99613959  -0.05149476  -0.07109303  +0.05588550  +0.99655861  +0.06121857  +0.06769593  -0.06495532  +0.99558932  +6.00937319  -5.81568098  -1.65056729 
     190    1.8118  +0.99971724  -0.00922684  +0.02191657  +0.00839969  +0.99925989  +0.03753764  -0.02224671  -0.03734294  +0.99905485  -1.92518246  -1.72046375  +1.39604771 
     191    1.6303  +0.99974996  +0.00762775  +0.02101939  -0.00863481  +0.99879825  +0.04824428  -0.02062614  -0.04841372  +0.99861437  -3.03626490  -1.21053779  +1.91123760 
     192    1.7820  +0.99898285  -0.02431002  +0.03797692  +0.02383832  +0.99963355  +0.01282473  -0.03827477  -0.01190638  +0.99919629  -2.18185282  -1.07889974  +0.19210692 
     193    1.8934  +0.99658662  -0.07524420  +0.03396120  +0.07495768  +0.99714017  +0.00963422  -0.03458900  -0.00705569  +0.99937671  +1.23607433  -3.55020547  -0.05310692 
     194    1.9255  +0.99869210  +0.00549040  +0.05083252  -0.00649902  +0.99978483  +0.01969797  -0.05071343  -0.02000257  +0.99851292  -4.34375715  +0.34683061  +1.44085848 
     195    1.8100  +0.99941903  -0.02808201  +0.01931346  +0.02697997  +0.99811453  +0.05513095  -0.02082523  -0.05457784  +0.99829233  -0.58493572  -3.29000854  +1.25854945 
     196    1.7809  +0.99567801  -0.07167241  +0.05906243  +0.07034089  +0.99722636  +0.02432586  -0.06064210  -0.02006622  +0.99795789  -0.12414129  -4.17324972  +1.73441422 
     197    1.6341  +0.99839306  -0.03865652  +0.04143677  +0.03689538  +0.99841684  +0.04245581  -0.04301236  -0.04085876  +0.99823868  -1.26690865  -3.46299267  +2.08864069 
     198    1.6775  +0.99956995  +0.00204033  +0.02925288  -0.00405608  +0.99760735  +0.06901517  -0.02904207  -0.06910414  +0.99718660  -2.66311073  -2.55903101  +2.61848354 
     199    1.6922  +0.99714094  -0.00161279  +0.07554661  -0.00705134  +0.99342370  +0.11427867  -0.07523410  -0.11448465  +0.99057209  -4.99509335  -4.58203793  +8.20903587 
     200    1.7271  +0.99881965  -0.02162234  +0.04349495  +0.01556714  +0.99071985  +0.13502519  -0.04601088  -0.13418871  +0.98988706  -2.24273753  -6.45930862  +7.53255033 
     201    1.7792  +0.99700296  +0.02208918  +0.07414273  -0.02819238  +0.99620819  +0.08230696  -0.07204350  -0.08415055  +0.99384528  -6.21173191  -1.44426095  +5.86292171 
     202    1.6309  +0.99596560  +0.01648559  +0.08820859  -0.02538947  +0.99458349  +0.10079223  -0.08606919  -0.10262516  +0.99098951  -6.45286226  -2.55569363  +7.88852119 
     203    1.5848  +0.99541211  +0.01061373  +0.09508970  -0.01737704  +0.99735457  +0.07058240  -0.09408901  -0.07191095  +0.99296325  -6.51828623  -1.52294981  +6.46821404 
     204    1.6582  +0.99875480  +0.02679207  +0.04208298  -0.02831774  +0.99894738  +0.03608622  -0.04107185  -0.03723299  +0.99846220  -4.73394823  +0.84609985  +0.88506806 
     205    1.6505  +0.99893749  +0.02747343  +0.03700065  -0.02925038  +0.99840099  +0.04837243  -0.03561253  -0.04940332  +0.99814379  -4.54843521  +0.32031494  +1.66420138 
     206    1.6961  +0.99501973  +0.02146016  +0.09734043  -0.02561981  +0.99880224  +0.04168627  -0.09632925  -0.04397251  +0.99437773  -7.43787241  +0.73497009  +5.03682518 
     207    1.5767  +0.99847472  +0.02968217  +0.04655305  -0.03283928  +0.99710447  +0.06858766  -0.04438242  -0.07001182  +0.99655837  -5.12795925  +0.07197315  +3.23878002 
     208    1.6309  +0.99123210  +0.00521971  +0.13202915  -0.01288519  +0.99827552  +0.05727145  -0.13150252  -0.05847052  +0.98958993  -8.23566914  -0.54628462  +7.73396111 
     209    1.6111  +0.99304348  -0.00997186  +0.11732523  +0.00053277  +0.99677783  +0.08021006  -0.11774703  -0.07958957  +0.98984903  -6.74798870  -2.64572644  +8.26116657 
     210    1.6029  +0.99167681  -0.00443572  +0.12867568  -0.00672735  +0.99625605  +0.08618929  -0.12857625  -0.08633757  +0.98793417  -7.58474684  -2.57960653  +9.27598190 
     211    1.6150  +0.99229115  +0.02931583  +0.12041138  -0.04197613  +0.99369210  +0.10399049  -0.11660327  -0.10824324  +0.98726243  -8.73165703  -1.87721598 +10.20256138 
     212    1.5967  +0.99618942  +0.02103958  +0.08464051  -0.03005858  +0.99383289  +0.10673621  -0.08187284  -0.10887365  +0.99067825  -6.58586359  -2.89043212  +8.15913486 
     213    1.7314  +0.99913704  +0.01678522  +0.03799286  -0.01901319  +0.99807328  +0.05906108  -0.03692831  -0.05973248  +0.99753112  -3.77572632  -1.22977304  +2.51604986 
     214    1.8785  +0.99455285  +0.02194663  +0.10189700  -0.02364944  +0.99959964  +0.01553306  -0.10151531  -0.01785826  +0.99467367  -7.36007023  +1.26691902  +3.79818821 
     215    1.7583  +0.99546248  +0.05837511  +0.07514555  -0.05918815  +0.99820948  +0.00863654  -0.07450684  -0.01304508  +0.99713516  -7.85330534  +3.32444644  +1.60237944 
     216    1.7052  +0.99564445  -0.00724101  +0.09294976  +0.00819648  +0.99991739  -0.00990177  -0.09287038  +0.01062050  +0.99562156  -4.87380981  +0.84033877  +1.13459718 
     217    1.6647  +0.99874729  +0.02428461  +0.04375032  -0.02266140  +0.99905002  -0.03722318  -0.04461271  +0.03618511  +0.99834883  -3.93119717  +3.75927687  -2.71242070 
     218    1.6839  +0.99821121  +0.05471656  -0.02409444  -0.05604597  +0.99671435  -0.05847528  +0.02081571  +0.05972107  +0.99799806  -1.92530370  +7.17961788  -7.62065792 
     219    1.7698  +0.99906802  +0.03275789  -0.02810741  -0.03249009  +0.99942273  +0.00993232  +0.02841654  -0.00900985  +0.99955559  -0.73223543  +2.46933007  -4.33327866 
     220    1.7479  +0.99923462  -0.01091575  -0.03756307  +0.01016886  +0.99974793  -0.02001754  +0.03777211  +0.01962024  +0.99909377  +2.36635971  +1.26264811  -6.26367283 
     221    1.7844  +0.99951524  +0.00505067  -0.03072117  -0.00511377  +0.99998498  -0.00197583  +0.03071073  +0.00213197  +0.99952602  +1.02334011  +0.78821427  -4.44785786 
     222    1.7521  +0.99750090  +0.04162869  -0.05708819  -0.04399523  +0.99819648  -0.04084319  +0.05528498  +0.04325272  +0.99753332  +0.63047987  +4.91242886  -8.40302372 
     223    1.7915  +0.99969649  +0.01730584  -0.01753444  -0.01723034  +0.99984163  +0.00444731  +0.01760862  -0.00414383  +0.99983639  -0.56660813  +0.52006030  -3.59249854 
     224    1.7676  +0.99859303  -0.00920519  -0.05222279  +0.01320583  +0.99696004  +0.07678724  +0.05135719  -0.07736885  +0.99567890  +3.20198178  -4.82785273  -1.17211986 
     225    1.8461  +0.99984616  -0.01745449  -0.00173166  +0.01747044  +0.99980062  +0.00967217  +0.00156249  -0.00970094  +0.99995172  +0.70552754  -1.56260955  -1.97150993 
     226    1.7894  +0.99995142  -0.00210869  -0.00962666  +0.00260531  +0.99865043  +0.05187020  +0.00950429  -0.05189276  +0.99860746  +0.29660597  -2.76283956  -0.16105238 
     227    1.6414  +0.99888319  +0.04102474  -0.02343856  -0.04000333  +0.99829525  +0.04250067  +0.02514219  -0.04151559  +0.99882150  -1.17626047  +0.09857955  -1.36328399 
