       1    0.0000  +1.00000000  -0.00000000  -0.00000000  +0.00000000  +1.00000000  +0.00000000  +0.00000000  -0.00000000  +1.00000000  +0.00000000  -0.00000000  +0.00000000 
       2    0.6430  +0.99998945  +0.00015605  -0.00458506  -0.00014750  +0.99999827  +0.00186439  +0.00458534  -0.00186369  +0.99998772  +0.43908533  -0.06293274  -0.54530734 
       3    0.6724  +0.99986702  +0.01124734  -0.01181041  -0.01128982  +0.99993002  -0.00353661  +0.01176981  +0.00366948  +0.99992400  +0.03021837  +1.12042630  -1.36801600 
       4    0.7309  +0.99981171  +0.01909197  -0.00347170  -0.01911282  +0.99979889  -0.00607386  +0.00335504  +0.00613907  +0.99997550  -0.76449555  +1.58307004  -1.11427462 
       5    0.8675  +0.99997377  +0.00628695  +0.00359525  -0.00625802  +0.99994838  -0.00800215  -0.00364537  +0.00797944  +0.99996150  -0.53420711  +0.59163034  -0.74790782 
       6    0.9342  +0.99984747  +0.01523014  +0.00854797  -0.01518701  +0.99987173  -0.00508873  -0.00862437  +0.00495814  +0.99995053  -1.19264114  +0.90369278  -0.30589402 
       7    0.8384  +0.99951702  +0.00988702  +0.02946171  -0.00933127  +0.99977702  -0.01894174  -0.02964242  +0.01865768  +0.99938643  -2.13068962  +1.35816669  +0.46677417 
       8    0.9860  +0.99894857  +0.00828780  +0.04508997  -0.00738391  +0.99976915  -0.02017618  -0.04524677  +0.01982202  +0.99877918  -2.89727855  +1.41734266  +1.59112370 
       9    0.9983  +0.99822891  +0.00343762  +0.05939047  -0.00192561  +0.99967301  -0.02549724  -0.05945870  +0.02533772  +0.99790913  -2.97765350  +1.18627405  +2.33406568 
      10    0.9748  +0.99785888  +0.00804300  +0.06490727  -0.00704056  +0.99985260  -0.01565818  -0.06502364  +0.01516767  +0.99776846  -3.84229445  +0.89386141  +3.07478476 
      11    1.0138  +0.99824321  +0.01647495  +0.05691314  -0.01495632  +0.99952334  -0.02700700  -0.05733095  +0.02610834  +0.99801379  -3.43514514  +1.97178948  +2.03221536 
      12    0.8971  +0.99826247  +0.01837669  +0.05598504  -0.01673897  +0.99942219  -0.02958277  -0.05649633  +0.02859424  +0.99799323  -3.17028451  +2.51932287  +2.05279708 
      13    0.8166  +0.99808443  +0.00692074  +0.06147838  -0.00512200  +0.99955553  -0.02936762  -0.06165431  +0.02899648  +0.99767625  -2.95858145  +1.55294073  +2.33860731 
      14    0.8557  +0.99739760  +0.00930021  +0.07149503  -0.00721463  +0.99954247  -0.02937400  -0.07173550  +0.02878175  +0.99700832  -4.06739712  +1.85739434  +2.94917560 
      15    1.0021  +0.99797237  -0.00036101  +0.06364750  +0.00204815  +0.99964821  -0.02644426  -0.06361556  +0.02652100  +0.99762201  -3.25278020  +1.12613964  +2.56647158 
      16    0.9409  +0.99782896  +0.01173120  +0.06480577  -0.00961732  +0.99941450  -0.03283492  -0.06515302  +0.03214038  +0.99735755  -3.97833967  +2.23719764  +2.28323793 
      17    0.9645  +0.99722910  +0.01933183  +0.07183565  -0.01702179  +0.99932247  -0.03263148  -0.07241781  +0.03131829  +0.99688256  -4.64234495  +2.94643927  +3.03164268 
      18    0.8594  +0.99786210  +0.01090638  +0.06443828  -0.00906425  +0.99954379  -0.02881094  -0.06472311  +0.02816527  +0.99750572  -3.63767862  +2.30494928  +2.60522366 
      19    0.9471  +0.99700350  +0.00921165  +0.07680583  -0.00709654  +0.99958926  -0.02776595  -0.07703006  +0.02713770  +0.99665940  -4.40384626  +2.36754322  +3.66691923 
      20    0.9540  +0.99629772  +0.02365812  +0.08265045  -0.02036246  +0.99897236  -0.04049267  -0.08352349  +0.03865979  +0.99575561  -5.36468458  +4.02425146  +3.38203382 
      21    0.9326  +0.99578136  +0.01764957  +0.09004405  -0.01438685  +0.99922073  -0.03675598  -0.09062260  +0.03530547  +0.99525928  -5.56363487  +3.17232490  +4.12101889 
      22    0.9153  +0.99594247  +0.03757301  +0.08177301  -0.03477202  +0.99876767  -0.03541236  -0.08300278  +0.03242526  +0.99602163  -6.05591440  +4.22967148  +3.63031244 
      23    0.9569  +0.99670136  +0.02483659  +0.07726258  -0.02198507  +0.99905324  -0.03754115  -0.07812183  +0.03571869  +0.99630374  -5.46497488  +3.36034536  +3.08301139 
      24    0.9741  +0.99688733  +0.03408917  +0.07108866  -0.03133471  +0.99872780  -0.03950876  -0.07234503  +0.03715824  +0.99668723  -5.63725567  +4.01109600  +2.56356668 
      25    0.8983  +0.99764776  +0.01483083  +0.06692510  -0.01269827  +0.99940145  -0.03217850  -0.06736228  +0.03125297  +0.99723899  -4.01248693  +2.69783449  +2.08705449 
      26    0.8596  +0.99790353  +0.01750166  +0.06230740  -0.01445810  +0.99869573  -0.04896757  -0.06308315  +0.04796406  +0.99685502  -3.74399757  +3.82463622  +1.09186184 
      27    0.8260  +0.99802339  +0.02743634  +0.05653797  -0.02333313  +0.99713182  -0.07199819  -0.05835118  +0.07053667  +0.99580103  -4.04280233  +5.91209126  -0.34698287 
      28    0.8825  +0.99781710  +0.02684648  +0.06033466  -0.02256035  +0.99724740  -0.07063075  -0.06206477  +0.06911540  +0.99567616  -4.53895807  +5.62193441  -0.16404355 
      29    1.0428  +0.99864393  -0.00072563  +0.05205591  +0.00326551  +0.99880701  -0.04872298  -0.05195845  +0.04882690  +0.99745488  -2.54875803  +3.07997274  +0.15514377 
      30    1.0188  +0.99844301  +0.01350458  +0.05412161  -0.01009512  +0.99797624  -0.06278185  -0.05485993  +0.06213773  +0.99655873  -3.75428748  +4.56770611  -0.06985071 
      31    1.1065  +0.99869049  +0.01257432  +0.04959057  -0.00907876  +0.99749905  -0.07009411  -0.05034794  +0.06955210  +0.99630696  -3.82101464  +4.76898718  -0.49503091 
      32    0.9717  +0.99844211  -0.01348924  +0.05414257  +0.01737959  +0.99725038  -0.07203878  -0.05302195  +0.07286753  +0.99593121  -2.76403975  +2.68145418  -0.19498311 
      33    0.9420  +0.99872792  -0.01265099  +0.04881050  +0.01586761  +0.99768776  -0.06608588  -0.04786158  +0.06677632  +0.99661940  -2.80525303  +2.14731145  -0.07763243 
      34    1.0124  +0.99852836  -0.01706843  +0.05147546  +0.01930609  +0.99887592  -0.04329115  -0.05067869  +0.04422123  +0.99773550  -2.81230187  +0.59652179  +1.05954969 
      35    0.9854  +0.99878806  -0.01170941  +0.04780474  +0.01540034  +0.99686676  -0.07758532  -0.04674647  +0.07822751  +0.99583894  -2.75900364  +3.14380932  -1.07878304 
      36    1.0196  +0.99849170  -0.02705505  +0.04777437  +0.02971218  +0.99799901  -0.05581331  -0.04616874  +0.05714861  +0.99729759  -1.93404722  +0.57080561  -0.23814307 
      37    0.9800  +0.99796426  -0.03956907  +0.05001607  +0.04204158  +0.99789441  -0.04938894  -0.04795648  +0.05139115  +0.99752653  -1.53702867  -0.73855829  +0.00391792 
      38    0.9793  +0.99718934  -0.04135729  +0.06247345  +0.04492801  +0.99736989  -0.05687558  -0.05995691  +0.05952254  +0.99642473  -2.15542054  -0.58258981  +0.55328327 
      39    1.1046  +0.99678284  -0.04445852  +0.06668930  +0.04858530  +0.99691826  -0.06159124  -0.06374552  +0.06463321  +0.99587101  -2.30872250  -0.69630671  +0.79852116 
      40    1.0572  +0.99728262  -0.04032242  +0.06165581  +0.04451509  +0.99667722  -0.06821228  -0.05870046  +0.07077154  +0.99576384  -2.37816191  -0.12706468  +0.23755351 
      41    1.0451  +0.99702638  -0.03456575  +0.06887340  +0.03919600  +0.99697930  -0.06705206  -0.06634765  +0.06955224  +0.99536949  -2.92777920  +0.23363136  +0.78529549 
      42    1.0433  +0.99740660  -0.02415923  +0.06779689  +0.02915387  +0.99685603  -0.07367581  -0.06580378  +0.07546128  +0.99497509  -3.58846545  +1.41605926  +0.72458565 
      43    1.0477  +0.99688619  -0.02705912  +0.07406539  +0.03361902  +0.99548137  -0.08880655  -0.07132769  +0.09102003  +0.99329138  -3.60601830  +2.36050177  +0.39035496 
      44    1.0184  +0.99576116  -0.03090407  +0.08662964  +0.03788700  +0.99606192  -0.08015773  -0.08381129  +0.08310009  +0.99301058  -3.88258147  +1.35863960  +2.05837226 
      45    1.0310  +0.99573398  -0.03484481  +0.08543824  +0.04025756  +0.99723458  -0.06247046  -0.08302519  +0.06564350  +0.99438310  -3.32251644  +0.55552292  +2.46940589 
      46    1.0958  +0.99616504  -0.04821762  +0.07300852  +0.05268828  +0.99677056  -0.06060011  -0.06985076  +0.06421440  +0.99548852  -2.02607393  -0.40845904  +1.62103641 
      47    1.0309  +0.99531454  -0.05583164  +0.07894149  +0.06061483  +0.99638319  -0.05955180  -0.07533109  +0.06405780  +0.99509889  -1.30556202  -0.71695977  +1.95590675 
      48    0.9784  +0.99468338  -0.05042201  +0.08979189  +0.05535384  +0.99704272  -0.05330826  -0.08683844  +0.05799516  +0.99453288  -2.23706698  -0.60097581  +3.06755114 
      49    1.0646  +0.99612719  -0.04209651  +0.07719146  +0.04655438  +0.99729443  -0.05689053  -0.07458772  +0.06026380  +0.99539185  -1.84596455  +0.55501556  +1.92594671 
      50    1.0162  +0.99487841  -0.02945948  +0.09669091  +0.03806201  +0.99536055  -0.08836684  -0.09363908  +0.09159450  +0.99138397  -3.71194577  +2.91584873  +2.04721355 
      51    1.0320  +0.99487060  -0.03397903  +0.09527811  +0.04318010  +0.99442154  -0.09623551  -0.09147661  +0.09985600  +0.99078798  -3.50457907  +3.14573193  +2.13867664 
      52    1.0302  +0.99512672  -0.03370881  +0.09266335  +0.04299087  +0.99405092  -0.10007282  -0.08873875  +0.10356882  +0.99065584  -3.51540899  +3.41748691  +1.79187560 
      53    0.9164  +0.99448818  -0.03829424  +0.09760511  +0.04744461  +0.99451429  -0.09322195  -0.09349982  +0.09733896  +0.99084961  -3.45281196  +2.36813140  +2.51967549 
      54    0.9460  +0.99386472  -0.03395862  +0.10526040  +0.04434564  +0.99420130  -0.09796526  -0.10132327  +0.10203206  +0.98960751  -4.10949707  +2.76695371  +2.64734721 
      55    1.0019  +0.99489003  -0.04954255  +0.08797383  +0.05711677  +0.99467582  -0.08577699  -0.08325583  +0.09036346  +0.99242276  -2.28180861  +1.60872328  +2.02210093 
      56    0.9952  +0.99448621  -0.04046547  +0.09674579  +0.04981535  +0.99410796  -0.09626911  -0.09228019  +0.10055772  +0.99064249  -2.94335675  +2.37068057  +2.40364623 
      57    0.8384  +0.99524862  -0.02343743  +0.09450315  +0.03284714  +0.99451739  -0.09927862  -0.09165819  +0.10191107  +0.99056190  -3.68546510  +3.73645210  +2.42942381 
      58    0.9297  +0.99462873  -0.02521688  +0.10038804  +0.03598425  +0.99361449  -0.10693622  -0.09705041  +0.10997422  +0.98918498  -3.93873882  +4.00965309  +2.45262074 
      59    0.9416  +0.99466550  -0.01938391  +0.10131549  +0.03052368  +0.99350852  -0.10958617  -0.09853359  +0.11209411  +0.98880029  -4.35553217  +4.63260031  +2.56008434 
      60    0.9388  +0.99393141  -0.03522847  +0.10420772  +0.04658190  +0.99299288  -0.10860605  -0.09965151  +0.11280116  +0.98860782  -3.57623458  +3.46108651  +2.80337548 
      61    0.9539  +0.99561429  -0.02779460  +0.08932862  +0.03819618  +0.99240541  -0.11692942  -0.08540021  +0.11982862  +0.98911470  -3.53024364  +4.36025715  +1.43003809 
      62    1.0274  +0.99406481  -0.04640439  +0.09839590  +0.05652151  +0.99310929  -0.10266090  -0.09295397  +0.10761307  +0.98983788  -3.19217396  +2.57458353  +2.40299463 
      63    1.0848  +0.99616736  -0.04663851  +0.07399581  +0.05401597  +0.99341339  -0.10105474  -0.06879539  +0.10466439  +0.99212527  -2.28137875  +2.60586476  +0.73829335 
      64    1.0986  +0.99624139  -0.04603942  +0.07337207  +0.05320891  +0.99366766  -0.09896185  -0.06835130  +0.10249393  +0.99238253  -2.64366722  +2.40674114  +0.82146078 
      65    1.1143  +0.99636340  -0.04933227  +0.06947162  +0.05620045  +0.99333274  -0.10065565  -0.06404287  +0.10419395  +0.99249291  -2.14618134  +2.39148474  +0.44199714 
      66    1.1730  +0.99604321  -0.05207052  +0.07201822  +0.05823208  +0.99456728  -0.08628418  -0.06713410  +0.09013655  +0.99366415  -2.29511261  +1.43101120  +1.26984394 
      67    1.1419  +0.99516481  -0.05923814  +0.07834437  +0.06493925  +0.99526346  -0.07234347  -0.07368780  +0.07708130  +0.99429804  -2.14369059  -0.02294292  +2.25729656 
      68    1.2099  +0.99483639  -0.05462300  +0.08553910  +0.06201472  +0.99433851  -0.08628514  -0.08034166  +0.09114429  +0.99259150  -2.61561012  +0.61304671  +1.99871027 
      69    1.0309  +0.99491018  -0.05988322  +0.08104159  +0.06644263  +0.99451160  -0.08082136  -0.07575696  +0.08579461  +0.99342847  -2.04423952  +0.01442335  +2.06549358 
      70    1.0852  +0.99457526  -0.06582480  +0.08054282  +0.07161728  +0.99488217  -0.07127705  -0.07543881  +0.07665865  +0.99419940  -1.70843148  -0.92210996  +2.36612582 
      71    1.0575  +0.99480343  -0.05184532  +0.08762553  +0.05830789  +0.99563503  -0.07287685  -0.08346472  +0.07760740  +0.99348414  -2.72160125  +0.00939582  +2.82524538 
      72    1.0272  +0.99289644  -0.05718870  +0.10433664  +0.06481946  +0.99534851  -0.07127243  -0.09977534  +0.07752918  +0.99198490  -3.35763788  -0.65896887  +4.10701418 
      73    1.0240  +0.99016708  -0.06290858  +0.12494683  +0.07025263  +0.99599719  -0.05526399  -0.12097012  +0.06349843  +0.99062312  -4.08787584  -2.10026741  +6.31158781 
      74    1.1481  +0.99077541  -0.06531510  +0.11873522  +0.07449798  +0.99442559  -0.07461785  -0.11319967  +0.08277506  +0.99011827  -3.99401665  -1.21486652  +4.68439388 
      75    1.0643  +0.99024820  -0.07244021  +0.11899962  +0.08246730  +0.99324626  -0.08161481  -0.11228374  +0.09063251  +0.98953432  -3.73361588  -1.28139329  +4.21621752 
      76    0.9869  +0.99215180  -0.05637691  +0.11160854  +0.06523429  +0.99486625  -0.07736715  -0.10667385  +0.08404066  +0.99073601  -4.22369862  -0.81077248  +4.04115820 
      77    1.0776  +0.99111605  -0.06716204  +0.11479641  +0.07503741  +0.99501312  -0.06571346  -0.10981049  +0.07374369  +0.99121314  -3.71862912  -2.04369020  +4.54492426 
      78    1.1949  +0.99040413  -0.08396751  +0.10976852  +0.09114724  +0.99389887  -0.06210692  -0.10388383  +0.07151604  +0.99201494  -2.62643290  -2.93576312  +4.21526003 
      79    1.2727  +0.99135858  -0.08206178  +0.10234261  +0.09191452  +0.99116784  -0.09559318  -0.09359416  +0.10417390  +0.99014539  -2.61539578  -1.35141110  +2.06220937 
      80    1.1898  +0.99076098  -0.08241830  +0.10770261  +0.09316363  +0.99072957  -0.09887080  -0.09855539  +0.10799129  +0.98925465  -2.58248377  -1.16482031  +2.20810747 
      81    1.1392  +0.99300528  -0.08832975  +0.07834808  +0.09571643  +0.99075305  -0.09616002  -0.06912981  +0.10298660  +0.99227762  -0.62276947  -1.60708308  +0.55291396 
      82    1.2275  +0.99331635  -0.07536539  +0.08742221  +0.08427347  +0.99109089  -0.10313471  -0.07887056  +0.10981277  +0.99081814  -1.59090519  -0.55626190  +1.00885153 
      83    1.2140  +0.99563533  -0.06064807  +0.07093725  +0.06895202  +0.99023443  -0.12116699  -0.06289596  +0.12552941  +0.99009418  -0.73932642  +1.74430311  -0.68493724 
      84    1.1660  +0.99615800  -0.05436633  +0.06865498  +0.06212403  +0.99125218  -0.11644611  -0.06172365  +0.12026384  +0.99082130  -0.98447901  +1.88490188  -0.40524113 
      85    1.1538  +0.99665660  -0.05453550  +0.06083976  +0.06100522  +0.99204445  -0.11011902  -0.05435035  +0.11346240  +0.99205458  -0.99592459  +1.74176288  -0.70699775 
      86    1.1487  +0.99589545  -0.06987460  +0.05753078  +0.07690823  +0.98841572  -0.13084130  -0.04772184  +0.13472883  +0.98973268  +0.22238725  +1.96673179  -1.80286634 
      87    1.1445  +0.99501038  -0.08161217  +0.05739139  +0.08776200  +0.98955268  -0.11438233  -0.04745681  +0.11884839  +0.99177766  +1.05796015  +0.46022582  -1.17664886 
      88    1.1245  +0.99344903  -0.08107477  +0.08053529  +0.08975909  +0.98977876  -0.11082090  -0.07072735  +0.11732369  +0.99057198  +0.02314699  +0.17562117  +0.25624561 
      89    0.9999  +0.99419302  -0.07611395  +0.07607177  +0.08425665  +0.99032140  -0.11029194  -0.06694075  +0.11606102  +0.99098372  +0.23293309  +0.59603232  +0.06097780 
      90    1.0443  +0.99266714  -0.07390033  +0.09565928  +0.08374571  +0.99111128  -0.10336860  -0.08717002  +0.11062167  +0.99003243  -1.23902524  +0.06905133  +1.81264412 
      91    1.1360  +0.99385923  -0.05079725  +0.09830303  +0.06054956  +0.99325246  -0.09891090  -0.09261532  +0.10425571  +0.99022883  -2.26612711  +0.89126229  +2.32099771 
      92    1.1160  +0.99154800  -0.08293628  +0.09977030  +0.09405266  +0.98919833  -0.11243130  -0.08936798  +0.12086469  +0.98863798  -0.63028347  -0.18697956  +1.59208083 
      93    1.2813  +0.99479115  -0.05822435  +0.08366917  +0.06707612  +0.99197161  -0.10720588  -0.07675545  +0.11225966  +0.99071002  -1.62523866  +0.82351780  +1.31618345 
      94    1.1971  +0.99412102  -0.06206254  +0.08872213  +0.07279415  +0.98969024  -0.12334578  -0.08015227  +0.12907909  +0.98838973  -1.64790165  +1.87153208  +0.79108292 
      95    1.2309  +0.99330127  -0.05851608  +0.09964135  +0.07142146  +0.98876458  -0.13131499  -0.09083779  +0.13755189  +0.98632044  -2.61552358  +2.34807301  +0.79772675 
      96    1.1974  +0.99225521  -0.06834167  +0.10372580  +0.08377156  +0.98473781  -0.15255742  -0.09171668  +0.16006516  +0.98283631  -2.20315218  +3.29092526  -0.08360270 
      97    1.2076  +0.99309444  -0.06425627  +0.09815580  +0.07792878  +0.98672175  -0.14250384  -0.08769570  +0.14916892  +0.98491526  -1.91240931  +2.77655768  +0.04361828 
      98    1.0730  +0.99302787  -0.05047124  +0.10652819  +0.06603631  +0.98677152  -0.14805777  -0.09764632  +0.15406023  +0.98322463  -2.57409072  +3.52240324  +0.68437713 
      99    1.0653  +0.99052006  -0.07650959  +0.11408888  +0.09184550  +0.98646033  -0.13586897  -0.10214888  +0.14505950  +0.98413587  -1.57560050  +1.07450640  +1.09955776 
     100    1.1380  +0.99217349  -0.07374201  +0.10076642  +0.08546510  +0.98939276  -0.11746374  -0.09103555  +0.12515642  +0.98795164  -0.95427805  +0.40067959  +1.41375411 
     101    1.1552  +0.99245560  -0.06674260  +0.10284579  +0.07870162  +0.99000967  -0.11699122  -0.09401003  +0.12420273  +0.98779339  -1.44915795  +0.75731796  +1.55683088 
     102    1.1222  +0.99111861  -0.06702486  +0.11485479  +0.08079745  +0.98950613  -0.11978897  -0.10562068  +0.12800506  +0.98613334  -1.56885004  +0.72311306  +2.34641719 
     103    1.1929  +0.99199259  -0.06376321  +0.10901799  +0.07522709  +0.99167573  -0.10449921  -0.10144729  +0.11186355  +0.98853171  -1.58730459  +0.14501029  +2.31903768 
     104    1.0612  +0.99448216  -0.05917229  +0.08662505  +0.06755827  +0.99295807  -0.09731475  -0.08025670  +0.10263002  +0.99147666  -0.68722147  +0.16106714  +1.30295467 
     105    1.0292  +0.99481785  -0.06786483  +0.07570831  +0.07487987  +0.99274909  -0.09403304  -0.06877781  +0.09921478  +0.99268627  +0.21301535  -0.59591711  +0.43886754 
     106    1.0607  +0.99395871  -0.08084279  +0.07423297  +0.08763089  +0.99177730  -0.09326654  -0.06608264  +0.09920819  +0.99286997  +1.08124566  -1.33613575  +0.21467930 
     107    0.9616  +0.99508446  -0.06001323  +0.07877395  +0.06680199  +0.99400264  -0.08658073  -0.07310552  +0.09141739  +0.99312562  -0.54006457  -0.62165219  +1.12362278 
     108    1.1026  +0.99532622  -0.06797285  +0.06859637  +0.07277201  +0.99488389  -0.07007366  -0.06348232  +0.07473804  +0.99518049  +0.46676138  -2.02365994  +1.12250423 
     109    1.0209  +0.99124289  -0.08801219  +0.09844498  +0.09234387  +0.99490982  -0.04033738  -0.09439369  +0.04907493  +0.99432462  -0.33773530  -4.72916269  +4.40534258 
     110    1.1143  +0.99211955  -0.09178630  +0.08528792  +0.09683821  +0.99366039  -0.05710857  -0.07950544  +0.06491766  +0.99471831  +0.67813808  -3.96819305  +2.68592453 
     111    1.1580  +0.99328470  -0.09717272  +0.06279296  +0.10112502  +0.99286640  -0.06316645  -0.05620696  +0.06909221  +0.99602562  +2.36504316  -3.83709025  +1.01243412 
     112    1.2294  +0.99212515  -0.09689455  +0.07936714  +0.10146293  +0.99327892  -0.05569830  -0.07343685  +0.06331251  +0.99528819  +1.56440353  -4.39021873  +2.63395023 
     113    1.1798  +0.99268419  -0.09374174  +0.07609601  +0.09729843  +0.99426198  -0.04445378  -0.07149220  +0.05153259  +0.99610907  +1.54678786  -4.82607460  +2.98912978 
     114    1.1887  +0.99500066  -0.07329384  +0.06783552  +0.07925360  +0.99280220  -0.08979215  -0.06076604  +0.09471945  +0.99364769  +0.87756211  -1.18710566  +0.41853896 
     115    1.2470  +0.99565470  -0.07006840  +0.06133581  +0.07506675  +0.99368590  -0.08338657  -0.05510577  +0.08762851  +0.99462789  +0.82367295  -1.20515037  +0.21296470 
     116    1.2756  +0.99609619  -0.07421909  +0.04778994  +0.07728060  +0.99483794  -0.06576584  -0.04266216  +0.06920233  +0.99669003  +1.77254760  -2.42475104  +0.32716867 
     117    1.4076  +0.99581939  -0.06334586  +0.06581037  +0.06770791  +0.99549896  -0.06631339  -0.06131347  +0.07049204  +0.99562621  +0.01203727  -1.83926511  +1.18666804 
     118    1.2513  +0.99485177  -0.06131450  +0.08068752  +0.06797569  +0.99426371  -0.08257727  -0.07516149  +0.08763693  +0.99331290  -0.74977815  -0.85630882  +1.38224137 
     119    1.2262  +0.99337655  -0.06914622  +0.09177053  +0.07568078  +0.99469000  -0.06974415  -0.08646068  +0.07622748  +0.99333477  -0.73070174  -2.14835477  +2.41945887 
     120    1.2412  +0.99343514  -0.07194167  +0.08894379  +0.07831776  +0.99443936  -0.07040381  -0.08338424  +0.07690750  +0.99354529  -0.26422095  -2.54850888  +2.33430386 
     121    1.2352  +0.99336439  -0.07415183  +0.08791278  +0.08118613  +0.99353617  -0.07933874  -0.08146141  +0.08594958  +0.99296361  -0.27794671  -1.92080879  +1.78870034 
     122    1.1369  +0.99122590  -0.09151662  +0.09537230  +0.09899581  +0.99211347  -0.07688135  -0.08758422  +0.08564824  +0.99246836  +0.36328977  -3.10912538  +2.27790141 
     123    1.2539  +0.98940700  -0.10156730  +0.10372001  +0.10875302  +0.99186617  -0.06613795  -0.09615892  +0.07671722  +0.99240512  +0.54521477  -3.76058102  +3.68882084 
     124    1.1612  +0.98796010  -0.10642686  +0.11228631  +0.11411724  +0.99137604  -0.06442668  -0.10446122  +0.07646479  +0.99158508  +0.39657488  -4.27955055  +4.37658119 
     125    1.1846  +0.98998111  -0.08536119  +0.11247607  +0.09684445  +0.99016881  -0.10092980  -0.10275480  +0.11081129  +0.98851520  -0.74806875  -1.07719147  +2.80792212 
     126    1.2170  +0.98889232  -0.09365200  +0.11541794  +0.10199675  +0.99241382  -0.06863980  -0.10811411  +0.07964963  +0.99094260  -0.57204700  -3.29313827  +4.74111462 
     127    1.2467  +0.99081981  -0.07379609  +0.11327050  +0.08148371  +0.99456549  -0.06480621  -0.10787249  +0.07344097  +0.99144840  -1.67570603  -2.27265573  +4.82926369 
     128    1.2183  +0.99276286  -0.06406746  +0.10157407  +0.07079490  +0.99543118  -0.06406940  -0.09700523  +0.07079664  +0.99276274  -1.54899812  -1.81655478  +4.18589926 
     129    1.0690  +0.99363738  -0.06146964  +0.09437314  +0.06872414  +0.99476349  -0.07564782  -0.08922891  +0.08165222  +0.99265862  -1.01748919  -0.94580203  +3.28916883 
     130    1.0611  +0.99297416  -0.06556541  +0.09850610  +0.07415883  +0.99350798  -0.08626927  -0.09221032  +0.09296826  +0.99138999  -0.67836952  -0.53767639  +2.99264669 
     131    1.1445  +0.99348032  -0.06355897  +0.09464222  +0.07452060  +0.99030888  -0.11719650  -0.08627614  +0.12348522  +0.98858881  -0.22599339  +1.19149578  +1.70930660 
     132    1.1229  +0.99427706  -0.05390952  +0.09223309  +0.06328727  +0.99277204  -0.10197222  -0.08606916  +0.10722582  +0.99050224  -0.78134030  +0.92614514  +2.51398587 
     133    1.1813  +0.99001175  -0.07722508  +0.11795349  +0.08803335  +0.99210238  -0.08934759  -0.11012206  +0.09883900  +0.98899138  -0.96160901  -1.35891080  +4.10318375 
     134    1.1789  +0.98627847  -0.10245999  +0.12944791  +0.11074934  +0.99212331  -0.05853121  -0.12243119  +0.07206435  +0.98985726  +0.15248020  -4.66944981  +6.16329098 
     135    1.1892  +0.99272996  -0.07824826  +0.09145743  +0.08309316  +0.99526548  -0.05041992  -0.08707915  +0.05765285  +0.99453175  +0.84400779  -3.79336977  +4.52588892 
     136    1.1634  +0.98872626  -0.09770551  +0.11346363  +0.10767201  +0.99052006  -0.08530381  -0.10405334  +0.09655897  +0.98987335  +1.08567190  -2.97073317  +3.79711652 
     137    1.2290  +0.98620355  -0.08283050  +0.14332382  +0.09099940  +0.99452353  -0.05140142  -0.13828132  +0.06373464  +0.98834014  -1.31463444  -3.78035855  +7.48203182 
     138    1.0915  +0.98727858  -0.09034074  +0.13084193  +0.09544829  +0.99487752  -0.03329273  -0.12716401  +0.04535783  +0.99084407  -0.06678614  -5.20242405  +7.51696920 
     139    1.1589  +0.98928356  -0.09080842  +0.11433205  +0.09367184  +0.99540395  -0.01991522  -0.11199810  +0.03041150  +0.99324298  +0.55874908  -5.86840630  +7.47347593 
     140    1.1449  +0.99023813  -0.06467194  +0.12347470  +0.07184867  +0.99592113  -0.05457915  -0.11944133  +0.06291784  +0.99084568  -1.59405494  -2.44360662  +6.60972786 
     141    1.0665  +0.99353510  -0.04718664  +0.10325395  +0.05253166  +0.99738312  -0.04967267  -0.10063986  +0.05477565  +0.99341393  -1.40114665  -1.75684988  +5.66032410 
     142    1.3295  +0.98892587  -0.06762515  +0.13210788  +0.07125866  +0.99719340  -0.02296743  -0.13018394  +0.03212691  +0.99096924  -1.82308555  -4.72497129  +8.48547554 
     143    1.3139  +0.98587549  -0.07506333  +0.14971659  +0.08049125  +0.99628788  -0.03052212  -0.14686973  +0.04214188  +0.98825771  -2.42086601  -4.83794737  +9.22387886 
     144    1.3405  +0.98505169  -0.08582782  +0.14935446  +0.09517269  +0.99385178  -0.05657605  -0.14358039  +0.06994480  +0.98716384  -1.76075137  -4.47596645  +7.39057779 
     145    1.4349  +0.98876673  -0.08709528  +0.12146898  +0.09524962  +0.99345696  -0.06301398  -0.11518598  +0.07387600  +0.99059302  -0.40672666  -4.14236069  +5.25191402 
     146    1.3278  +0.98873973  -0.09507532  +0.11556122  +0.10605428  +0.99001217  -0.09288889  -0.10557557  +0.10409870  +0.98894757  +0.67715716  -2.81214833  +3.38087964 
     147    1.1574  +0.98784232  -0.09914000  +0.11974476  +0.10811318  +0.99160653  -0.07090831  -0.11170983  +0.08299221  +0.99026924  +0.66672206  -4.23029184  +4.99172449 
     148    1.3406  +0.98711938  -0.10369793  +0.12182824  +0.10912044  +0.99327505  -0.03869659  -0.11699618  +0.05149211  +0.99179655  +0.53671712  -6.17769194  +6.61334324 
     149    1.4225  +0.98998874  -0.09492999  +0.10445398  +0.10101318  +0.99338758  -0.05456609  -0.09858333  +0.06457105  +0.99303168  +1.00729918  -5.10647774  +4.38793421 
     150    1.4768  +0.99139142  -0.09416681  +0.09097037  +0.09906618  +0.99377698  -0.05092379  -0.08560894  +0.05949749  +0.99455070  +1.99039090  -4.98957396  +3.69546580 
     151    1.3752  +0.98822147  -0.13189372  +0.07760421  +0.13646115  +0.98901498  -0.05681348  -0.06925838  +0.06673426  +0.99536419  +5.30528498  -6.59812737  +2.53113842 
     152    1.5759  +0.99188411  -0.09032767  +0.08948070  +0.09589751  +0.99357945  -0.06002980  -0.08348383  +0.06812358  +0.99417788  +2.29879975  -4.23762989  +3.44126630 
     153    1.5648  +0.99221575  -0.08965952  +0.08642375  +0.09489830  +0.99376428  -0.05853895  -0.08063627  +0.06628473  +0.99453712  +2.39482188  -4.32803631  +3.19022059 
     154    1.5497  +0.98755956  -0.12590034  +0.09420846  +0.12877060  +0.99135894  -0.02501067  -0.09024554  +0.03683081  +0.99523830  +4.25127983  -7.84404993  +5.05313826 
     155    1.5362  +0.99082959  -0.09953983  +0.09137043  +0.10025567  +0.99495637  -0.00326686  -0.09058441  +0.01239730  +0.99581164  +3.31171942  -7.60024214  +6.31167412 
     156    1.4467  +0.99195087  -0.08224522  +0.09627686  +0.08477667  +0.99614596  -0.02249805  -0.09405545  +0.03047900  +0.99510032  +2.11552906  -5.56033468  +5.46995449 
     157    1.4868  +0.98905224  -0.09411975  +0.11365338  +0.09368721  +0.99555963  +0.00915300  -0.11401019  +0.00159508  +0.99347830  +2.06254935  -7.89052153  +8.34840107 
     158    1.6135  +0.99099165  -0.08017690  +0.10727190  +0.08228821  +0.99648964  -0.01539522  -0.10566100  +0.02408375  +0.99411052  +1.46592379  -5.77407169  +6.54813623 
     159    1.4850  +0.98845500  -0.10549667  +0.10875303  +0.11013971  +0.99320495  -0.03759281  -0.10404813  +0.04913683  +0.99335772  +2.87690115  -6.11702394  +4.89228868 
     160    1.4243  +0.99403524  -0.06389934  +0.08837855  +0.06590673  +0.99762571  -0.01998206  -0.08689187  +0.02568761  +0.99588650  +1.35265100  -4.85179329  +5.19117546 
     161    1.3839  +0.99412298  -0.04835293  +0.09685814  +0.04845031  +0.99882466  +0.00134766  -0.09680947  +0.00335307  +0.99529731  +0.09007316  -5.59259844  +7.07480001 
     162    1.3467  +0.99400491  -0.05776217  +0.09283210  +0.06406054  +0.99573708  -0.06636238  -0.08860313  +0.07191140  +0.99346781  +0.86514354  -2.39429927  +3.39539599 
     163    1.3724  +0.99291766  -0.09901769  +0.06565074  +0.10222059  +0.99363369  -0.04736136  -0.06054317  +0.05373678  +0.99671805  +4.64841080  -5.53079987  +2.81280136 
     164    1.4018  +0.99216610  -0.07285395  +0.10148290  +0.07741115  +0.99612635  -0.04171124  -0.09805095  +0.04924038  +0.99396247  +1.06752324  -4.90941811  +5.42173529 
     165    1.4141  +0.98790944  -0.08194059  +0.13160829  +0.09537201  +0.99048465  -0.09921876  -0.12222595  +0.11057090  +0.98632395  +0.34319776  -2.07541466  +4.17385387 
     166    1.4157  +0.99051613  -0.06727593  +0.11979898  +0.07922242  +0.99203581  -0.09792197  -0.11225709  +0.10648406  +0.98795724  -0.01109841  -1.08044553  +3.72716022 
     167    1.3886  +0.99403715  -0.04940771  +0.09720609  +0.05737840  +0.99506217  -0.08098795  -0.09272467  +0.08608256  +0.99196368  -0.10002142  -0.86986440  +3.40423846 
     168    1.4090  +0.99411386  -0.03711030  +0.10178623  +0.04665028  +0.99457198  -0.09300704  -0.09778221  +0.09720795  +0.99044901  -1.22649074  +0.96811712  +3.24104810 
     169    1.4091  +0.99761999  -0.03654856  +0.05846868  +0.04166311  +0.99517834  -0.08879300  -0.05494151  +0.09101766  +0.99433255  +0.92311138  +0.96215308  +1.11259639 
     170    1.4284  +0.99488860  -0.08611532  +0.05273311  +0.09036467  +0.99233037  -0.08434812  -0.04506500  +0.08868220  +0.99504000  +4.52015400  -1.85245430  +0.62900203 
     171    1.5763  +0.99364072  -0.10362439  +0.04404689  +0.10838109  +0.98626179  -0.12466459  -0.03052347  +0.12864566  +0.99122077  +5.89367771  -0.41199610  -2.27963042 
     172    1.8814  +0.98871213  -0.14737356  +0.02700680  +0.14941198  +0.98323721  -0.10450209  -0.01115324  +0.10735762  +0.99415791  +9.37689018  -3.52857184  -2.64087439 
     173    1.5922  +0.99076849  -0.12673163  +0.04813402  +0.13100719  +0.98636574  -0.09959788  -0.03485554  +0.10498434  +0.99386287  +6.91501951  -2.63473964  -1.28221262 
     174    1.6839  +0.99322808  -0.11614750  -0.00279223  +0.11446045  +0.98235685  -0.14789806  +0.01992095  +0.14657690  +0.98899865  +8.97690105  +1.27024972  -6.39824533 
     175    1.6179  +0.99137163  -0.12311081  +0.04501145  +0.12738900  +0.98579103  -0.10949035  -0.03089244  +0.11427958  +0.99296820  +7.08587742  -2.04372525  -2.13189650 
     176    1.4040  +0.99240500  -0.12144271  +0.01959490  +0.12267565  +0.98883933  -0.08454264  -0.00910912  +0.08630435  +0.99622715  +8.16945648  -3.63875675  -2.20992804 
     177    1.4286  +0.99473262  -0.10214740  +0.00853935  +0.10250273  +0.99089795  -0.08726045  +0.00045180  +0.08767613  +0.99614894  +7.35611534  -2.36863613  -2.99841905 
     178    1.5336  +0.99244010  -0.12240873  -0.00887594  +0.12058332  +0.98599464  -0.11521392  +0.02285482  +0.11327263  +0.99330103  +9.31527424  -1.71424198  -5.64938831 
     179    1.5481  +0.99312729  -0.11613625  +0.01450955  +0.11701825  +0.98763192  -0.10435475  -0.00221073  +0.10533544  +0.99443430  +7.86599493  -2.16914988  -3.80837178 
     180    1.7598  +0.99133629  -0.12911838  -0.02409883  +0.12691198  +0.98887557  -0.07757857  +0.03384756  +0.07384802  +0.99669492 +10.94814777  -4.44188356  -4.38069296 
     181    1.7610  +0.99417138  -0.10780337  +0.00129898  +0.10717012  +0.98687613  -0.12078937  +0.01173957  +0.12022454  +0.99267733  +7.87086868  -0.80230421  -5.08935833 
     182    1.7220  +0.99357295  -0.10685565  +0.03734485  +0.10977972  +0.99006844  -0.08782347  -0.02758953  +0.09135873  +0.99543577  +5.77209091  -3.07538891  -1.33351254 
     183    1.4571  +0.99672973  -0.07617824  -0.02695798  +0.07417006  +0.99485838  -0.06896111  +0.03207271  +0.06673611  +0.99725503  +7.71545601  -2.27162242  -3.32942939 
     184    1.5363  +0.99298936  -0.11333863  +0.03356228  +0.11565333  +0.99024075  -0.07776581  -0.02442087  +0.08110221  +0.99640656  +6.56337023  -3.87153697  -1.00123918 
     185    1.4165  +0.99740285  -0.07006655  +0.01668161  +0.07160670  +0.98957241  -0.12497567  -0.00775104  +0.12584560  +0.99201953  +5.08188438  +1.51812184  -3.88184547 
     186    1.4421  +0.99351335  -0.10870831  +0.03337314  +0.11330876  +0.97117215  -0.20972779  -0.00961191  +0.21214883  +0.97719008  +6.40409374  +5.00786209  -7.72737551 
     187    1.4903  +0.99302781  -0.11763627  +0.00758444  +0.11741343  +0.98132175  -0.15238662  +0.01048341  +0.15221466  +0.98829186  +8.21674538  +1.07697749  -6.36280441 
     188    1.4152  +0.99671912  -0.08093146  -0.00106961  +0.07945126  +0.98084038  -0.17787525  +0.01544482  +0.17720668  +0.98405248  +6.84450150  +4.87495422  -7.51233578 
     189    1.4931  +0.99583107  -0.09101285  +0.00609207  +0.09045520  +0.97670394  -0.19459528  +0.01176052  +0.19433509  +0.98086470  +7.01994991  +5.63253403  -8.10468483 
     190    1.4467  +0.99701071  -0.05597810  +0.05325538  +0.06324176  +0.98722017  -0.14627640  -0.04438651  +0.14920710  +0.98780924  +1.82407367  +3.79175615  -2.63053322 
     191    1.3904  +0.99582583  -0.06577516  +0.06328187  +0.07052484  +0.99461013  -0.07600632  -0.05794146  +0.08015200  +0.99509722  +1.94109166  -0.92332029  +1.33447492 
     192    1.1912  +0.99493796  -0.07082579  +0.07128922  +0.07795937  +0.99163848  -0.10283701  -0.06340962  +0.10787411  +0.99214029  +1.82784331  +0.14987300  +0.86692691 
     193    1.2956  +0.98910326  -0.14118107  +0.04174451  +0.14488472  +0.98378032  -0.10575745  -0.02613648  +0.11065318  +0.99351537  +8.00422859  -3.14167809  -1.77634943 
     194    1.3682  +0.98658705  -0.14093485  +0.08236121  +0.14822209  +0.98482168  -0.09031302  -0.06838284  +0.10130941  +0.99250197  +5.56047344  -4.53472376  +0.99475867 
     195    1.3492  +0.98995221  -0.13299419  +0.04803274  +0.13653190  +0.98740244  -0.07997199  -0.03679183  +0.08572645  +0.99563915  +7.00370121  -4.60550880  +0.01139608 
     196    1.3270  +0.99230641  -0.12326240  +0.01159154  +0.12342535  +0.97756988  -0.17065553  +0.00970387  +0.17077327  +0.98526257  +8.74771118  +1.91542232  -6.66779947 
     197    1.3744  +0.98860765  -0.13318707  +0.07011493  +0.14146176  +0.98129648  -0.13055964  -0.05141468  +0.13899083  +0.98895806  +6.36049366  -1.86067867  -1.60812056 
     198    1.4582  +0.98525268  -0.15527260  +0.07188591  +0.16397765  +0.97683555  -0.13749036  -0.04887222  +0.14725043  +0.98789108  +8.05609512  -2.87545896  -2.01079226 
     199    1.5343  +0.98899877  -0.11075604  +0.09805362  +0.12748414  +0.97439212  -0.18522353  -0.07502805  +0.19568613  +0.97779226  +3.88557601  +1.98040116  -2.70498753 
     200    1.4604  +0.98702472  -0.12920989  +0.09532557  +0.14301622  +0.97733444  -0.15608904  -0.07299671  +0.16769685  +0.98313236  +5.20153236  -0.80265802  -1.58434272 
     201    1.4034  +0.98756856  -0.12207787  +0.09902187  +0.13415892  +0.98288292  -0.12626390  -0.08191288  +0.13797893  +0.98704207  +4.48220348  -2.45881891  +0.26161638 
     202    1.3572  +0.99322540  -0.09414990  +0.06811140  +0.10562793  +0.97579908  -0.19146502  -0.04843663  +0.19736238  +0.97913331  +4.52744389  +3.33572865  -4.61385393 
     203    1.5344  +0.99008948  -0.12620187  +0.06161115  +0.13507302  +0.97583556  -0.17175628  -0.03844639  +0.17837609  +0.98321098  +7.10487080  +0.28567517  -4.46854401 
     204    1.5359  +0.98896468  -0.13589650  +0.05899961  +0.14374547  +0.97657931  -0.16009401  -0.03586158  +0.16680825  +0.98533696  +7.89665413  -0.80956626  -3.66178179 
     205    1.5389  +0.99088210  -0.11383882  +0.07206538  +0.12411033  +0.97938204  -0.15939704  -0.05243396  +0.16688773  +0.98458070  +5.69870520  -0.24411182  -3.00287437 
     206    1.5225  +0.99066710  -0.10865558  +0.08229630  +0.12283353  +0.97338194  -0.19349295  -0.05908165  +0.20179585  +0.97764403  +4.86838484  +1.85122430  -4.01513481 
     207    1.2962  +0.99290937  -0.10600977  +0.05378575  +0.11613815  +0.96159321  -0.24869749  -0.02535564  +0.25318065  +0.96708667  +6.09983063  +6.07976580  -7.98814917 
     208    1.2751  +0.98546380  -0.14769526  +0.08394800  +0.16161320  +0.96734375  -0.19526209  -0.05236729  +0.20599082  +0.97715169  +6.98895741  +0.50745165  -4.51303625 
     209    1.2504  +0.98648649  -0.13770890  +0.08877286  +0.15092516  +0.97463542  -0.16524951  -0.06376484  +0.17641447  +0.98224843  +6.00502872  -1.35799444  -2.37599945 
     210    1.4480  +0.99287534  -0.08800449  +0.08033535  +0.10094935  +0.97943026  -0.17471582  -0.06330709  +0.18158083  +0.98133612  +3.71684837  +1.44853830  -3.02387810 
     211    1.4165  +0.99133277  -0.10368379  +0.08067825  +0.11650427  +0.97762454  -0.17514859  -0.06071296  +0.18302990  +0.98123085  +4.35610104  +0.45077690  -3.44808578 
     212    1.4334  +0.99117172  -0.08603973  +0.10087523  +0.10081875  +0.98322648  -0.15199120  -0.08610591  +0.16081950  +0.98322064  +2.00369978  +0.06656925  -0.78966910 
     213    1.3615  +0.99243438  -0.09459218  +0.07827071  +0.10553873  +0.98300809  -0.15018891  -0.06273405  +0.15731323  +0.98555416  +3.80556870  -0.23283961  -2.04972124 
     214    1.4621  +0.99129289  -0.04536836  +0.12361286  +0.06390467  +0.98655981  -0.15038608  -0.11512870  +0.15697609  +0.98086894  -1.33452177  +1.99904120  +1.19970310 
     215    1.4338  +0.98877066  -0.04742457  +0.14171636  +0.07301376  +0.98072654  -0.18123046  -0.13039023  +0.18954261  +0.97317624  -2.01227689  +3.49121714  +0.65316677 
     216    1.5038  +0.98005158  -0.05780140  +0.19015226  +0.09466820  +0.97702760  -0.19093205  -0.17474785  +0.20512463  +0.96300936  -3.40944695  +2.87099838  +3.17909646 
     217    1.5105  +0.97926003  -0.03905195  +0.19880827  +0.08269663  +0.97283143  -0.21624123  -0.18496229  +0.22819717  +0.95588440  -4.62765026  +5.24874401  +2.99837518 
     218    1.5727  +0.99267328  -0.04982752  +0.11007721  +0.07457180  +0.96945626  -0.23365267  -0.09507271  +0.24014942  +0.96606904  +0.12213773  +6.86299753  -3.25025201 
     219    1.6052  +0.98201805  -0.13252109  +0.13445728  +0.15818794  +0.96633369  -0.20291807  -0.10303968  +0.22053871  +0.96992034  +3.90327024  +0.69001406  -2.02979779 
     220    1.5701  +0.98753923  -0.10502244  +0.11720319  +0.12038727  +0.98380303  -0.13280998  -0.10135683  +0.14526483  +0.98418742  +3.09233046  -1.86097276  +1.62278712 
     221    1.4570  +0.98902327  -0.11106010  +0.09746069  +0.12250819  +0.98510855  -0.12063532  -0.08261159  +0.13125087  +0.98790109  +4.22159815  -2.75791836  +1.18768263 
     222    1.4233  +0.98268741  -0.13743913  +0.12424134  +0.15884659  +0.97016144  -0.18317890  -0.09535821  +0.19974291  +0.97519720  +4.88052082  -0.32821548  -0.95234072 
     223    1.4065  +0.97814882  -0.06933466  +0.19600400  +0.11552074  +0.96507871  -0.23511289  -0.17285781  +0.25261793  +0.95200020  -2.37413645  +5.63093758  +1.31415343 
     224    1.4671  +0.97955203  -0.09866249  +0.17533848  +0.14063026  +0.95900899  -0.24601808  -0.14387842  +0.26564541  +0.95327413  +0.23955913  +4.90590286  -0.81094795 
     225    1.3597  +0.98938054  -0.13117890  +0.06259568  +0.14510705  +0.91625005  -0.37340304  -0.00837069  +0.37852079  +0.92555493  +7.98030615 +14.27829838 -13.58855247 
     226    1.2543  +0.99046350  -0.11628415  +0.07389203  +0.13213003  +0.95366174  -0.27031642  -0.03903449  +0.27750191  +0.95993179  +6.59751177  +7.17873955  -7.96425295 
     227    1.2206  +0.98430634  -0.14623828  +0.09876928  +0.16695650  +0.95299697  -0.25282863  -0.05715360  +0.26535100  +0.96245641  +7.22615337  +4.52325726  -6.17706871 
