       1    0.0000  +1.00000000  -0.00000000  +0.00000000  -0.00000000  +1.00000000  +0.00000000  +0.00000000  -0.00000000  +1.00000000  +0.00000000  -0.00000000  +0.00000000 
       2    0.7137  +0.99994963  -0.00460981  +0.00891267  +0.00491982  +0.99937242  -0.03507973  -0.00874536  +0.03512181  +0.99934477  +0.12093821  +1.69000924  -1.34525883 
       3    0.8312  +0.99968606  -0.00678277  +0.02412075  +0.00737460  +0.99967182  -0.02453255  -0.02394644  +0.02470273  +0.99940801  -0.67647934  +0.99064714  +0.20283461 
       4    0.9344  +0.99955624  +0.00658401  +0.02905195  -0.00514469  +0.99876869  -0.04934244  -0.02934105  +0.04917108  +0.99835932  -1.49087763  +3.11244082  -0.59130979 
       5    0.9787  +0.99963397  +0.00737914  +0.02602873  -0.00607484  +0.99873883  -0.04983814  -0.02636366  +0.04966178  +0.99841809  -1.46333981  +3.00599432  -0.72726649 
       6    1.0239  +0.99945772  -0.00145781  +0.03289656  +0.00351106  +0.99804229  -0.06244417  -0.03274112  +0.06252581  +0.99750614  -1.30383241  +3.33504939  -1.03010917 
       7    1.1509  +0.99926651  -0.00048639  +0.03829180  +0.00344257  +0.99701172  -0.07717336  -0.03813984  +0.07724858  +0.99628210  -1.37422919  +4.24975824  -1.47043073 
       8    1.1932  +0.99947238  -0.00445958  +0.03217343  +0.00689692  +0.99708033  -0.07604787  -0.03174036  +0.07622965  +0.99658495  -1.02205741  +3.68893886  -1.75243580 
       9    1.1318  +0.99956089  -0.00406032  +0.02935254  +0.00605311  +0.99765843  -0.06812466  -0.02900720  +0.06827242  +0.99724495  -0.75545919  +3.41416717  -1.45353067 
      10    1.1048  +0.99988115  +0.00718515  +0.01363834  -0.00603846  +0.99658662  -0.08233275  -0.01418336  +0.08224062  +0.99651158  -0.70198166  +4.87921238  -2.92183733 
      11    1.0591  +0.99985313  +0.01442412  +0.00925458  -0.01360751  +0.99646169  -0.08293963  -0.01041817  +0.08280152  +0.99651158  -1.01487899  +5.71553898  -3.33208084 
      12    1.0159  +0.99981719  +0.00914357  +0.01679303  -0.00790005  +0.99732411  -0.07267860  -0.01741264  +0.07253265  +0.99721402  -1.20865440  +4.76566648  -2.46434736 
      13    1.0819  +0.99974084  +0.00555732  +0.02207647  -0.00327269  +0.99475789  -0.10220569  -0.02252873  +0.10210696  +0.99451828  -1.31627822  +6.51649714  -3.74553704 
      14    1.0301  +0.99979657  -0.00077761  +0.02015606  +0.00292809  +0.99426728  -0.10688299  -0.01995740  +0.10692026  +0.99406725  -0.75855941  +6.36821079  -3.83699417 
      15    1.1404  +0.99963117  -0.00654356  +0.02635671  +0.00953881  +0.99329966  -0.11517304  -0.02542647  +0.11538198  +0.99299574  -1.02544796  +6.34318924  -3.87755394 
      16    1.0835  +0.99949861  +0.00014399  +0.03166327  +0.00310850  +0.99471289  -0.10264773  -0.03151064  +0.10269468  +0.99421370  -1.58140171  +5.85007763  -2.89213753 
      17    1.1247  +0.99953693  +0.00837506  +0.02925320  -0.00557363  +0.99550301  -0.09456556  -0.02991364  +0.09435872  +0.99508876  -2.02619839  +5.98643494  -2.82091379 
      18    1.1908  +0.99966055  +0.01399484  +0.02197653  -0.01201945  +0.99608505  -0.08757903  -0.02311615  +0.08728515  +0.99591511  -2.02850890  +6.08863211  -2.89639735 
      19    1.2193  +0.99992043  +0.00891983  +0.00891843  -0.00805999  +0.99570864  -0.09219178  -0.00970249  +0.09211256  +0.99570131  -1.22152460  +6.02898407  -3.81291127 
      20    1.3219  +0.99960655  +0.00713566  +0.02712705  -0.00458988  +0.99567646  -0.09277588  -0.02767179  +0.09261487  +0.99531740  -2.26812506  +6.08592415  -2.86367321 
      21    1.2824  +0.99956250  -0.00135734  +0.02954497  +0.00422266  +0.99526209  -0.09713691  -0.02927314  +0.09721918  +0.99483240  -2.04705000  +5.78971910  -2.99578190 
      22    1.1372  +0.99954832  +0.00097609  +0.03003667  +0.00239205  +0.99371725  -0.11189416  -0.02995717  +0.11191547  +0.99326605  -2.24328303  +6.76393318  -3.82118344 
      23    1.1782  +0.99944222  +0.00227852  +0.03331754  +0.00204412  +0.99162507  -0.12913364  -0.03333274  +0.12912971  +0.99106735  -2.57717896  +7.68222952  -4.32847357 
      24    1.1171  +0.99922425  +0.00625135  +0.03888281  -0.00202228  +0.99416333  -0.10786642  -0.03933018  +0.10770411  +0.99340475  -3.09055495  +6.43283749  -2.79225683 
      25    0.9620  +0.99972218  +0.01424230  +0.01877912  -0.01196364  +0.99314040  -0.11631452  -0.02030689  +0.11605754  +0.99303490  -3.05115628  +7.77243423  -4.15513039 
      26    1.0859  +0.99982446  +0.01149285  +0.01479808  -0.00974061  +0.99349338  -0.11347262  -0.01600592  +0.11330855  +0.99343091  -2.77849364  +7.53125095  -4.26905012 
      27    1.2040  +0.99965394  +0.01789825  +0.01927998  -0.01473908  +0.98810405  -0.15307881  -0.02179047  +0.15274167  +0.98802590  -3.16801023 +10.13381767  -6.01378775 
      28    1.1468  +0.99947530  +0.02748482  +0.01713869  -0.02421181  +0.98543018  -0.16834818  -0.02151600  +0.16784489  +0.98557860  -3.55766892 +11.42973900  -6.77555656 
      29    1.2063  +0.99958700  +0.02617975  +0.01185201  -0.02369767  +0.98421526  -0.17538165  -0.01625637  +0.17502835  +0.98442918  -3.09152555 +11.49915504  -7.47292519 
      30    1.3120  +0.99940246  +0.03369427  +0.00770911  -0.03156869  +0.98060882  -0.19341609  -0.01407664  +0.19305715  +0.98108655  -3.26323462 +13.09565830  -8.41627216 
      31    1.3397  +0.99958616  +0.02806731  +0.00630016  -0.02625586  +0.97969246  -0.19877942  -0.01175143  +0.19853175  +0.98002398  -2.97716022 +13.45579720  -8.61744785 
      32    1.3519  +0.99984497  +0.01492817  +0.00934000  -0.01234011  +0.97236669  -0.23313239  -0.01256214  +0.23298098  +0.97240013  -2.53175974 +15.24466991 -10.19362164 
      33    1.3638  +0.99982929  +0.01265674  +0.01346205  -0.00926799  +0.97380120  -0.22721203  -0.01598512  +0.22704847  +0.97375226  -2.63895774 +14.67411900  -9.71002674 
      34    1.4367  +0.99988467  +0.01043895  +0.01103163  -0.00788015  +0.97750831  -0.21074975  -0.01298352  +0.21063851  +0.97747779  -2.09696364 +13.48496056  -8.97145653 
      35    1.4063  +0.99997884  +0.00636323  +0.00136210  -0.00596917  +0.98030639  -0.19739234  -0.00259133  +0.19738004  +0.98032361  -1.06101108 +12.37168503  -8.87659740 
      36    1.3886  +0.99999684  -0.00037315  -0.00249192  -0.00017123  +0.97662312  -0.21495870  +0.00251388  +0.21495844  +0.97661996  -0.75978190 +13.29841900 -10.07490063 
      37    1.5581  +0.99985862  -0.00873890  +0.01436631  +0.01160555  +0.97687590  -0.21349187  -0.01216842  +0.21362841  +0.97683918  -1.02054679 +12.77576637  -9.04925346 
      38    1.4829  +0.99980050  -0.00086964  +0.01995630  +0.00503136  +0.97780454  -0.20945868  -0.01933121  +0.20951729  +0.97761381  -1.51236677 +13.02609444  -8.66742039 
      39    1.4908  +0.99965888  +0.01771678  +0.01919042  -0.01283870  +0.97318494  -0.22966543  -0.02274476  +0.22934070  +0.97308046  -2.54130149 +15.57041550  -9.59579277 
      40    1.4184  +0.99940389  +0.01693599  +0.03008327  -0.00963662  +0.97361857  -0.22797799  -0.03315067  +0.22755221  +0.97320145  -3.25929594 +14.98912716  -8.96468449 
      41    1.3882  +0.99915832  +0.02507571  +0.03246355  -0.01642177  +0.96973175  -0.24361989  -0.03758988  +0.24288172  +0.96932733  -3.87090945 +16.48451042  -9.23722363 
      42    1.3719  +0.99880254  +0.03138740  +0.03752790  -0.02196978  +0.97313559  -0.22918214  -0.04371316  +0.22808322  +0.97265989  -4.39340973 +15.92635727  -8.81740856 
      43    1.3634  +0.99843651  +0.04179936  +0.03711190  -0.03251256  +0.97434258  -0.22270942  -0.04546881  +0.22115462  +0.97417825  -5.27130175 +16.11731529  -8.32417679 
      44    1.5094  +0.99807990  +0.03885672  +0.04823606  -0.02689966  +0.97339970  -0.22752900  -0.05579400  +0.22579458  +0.97257590  -5.72195911 +16.00614738  -8.02759647 
      45    1.3755  +0.99863845  +0.03051559  +0.04230947  -0.02056555  +0.97566825  -0.21828546  -0.04794111  +0.21711813  +0.97496736  -4.88144732 +14.91425896  -8.19989681 
      46    1.3119  +0.99813151  +0.02812504  +0.05424478  -0.01669366  +0.97951263  -0.20068970  -0.05877785  +0.19940917  +0.97815192  -5.47976398 +13.58144951  -6.50611067 
      47    1.4015  +0.99795163  +0.03320632  +0.05467939  -0.02031611  +0.97499073  -0.22131491  -0.06066095  +0.21975070  +0.97366828  -6.21909428 +15.39751911  -7.21544743 
      48    1.4428  +0.99750322  +0.03814784  +0.05943155  -0.02439860  +0.97588998  -0.21689513  -0.06627274  +0.21490355  +0.97438413  -6.77609444 +15.56266499  -6.59317303 
      49    1.4960  +0.99820095  +0.02493274  +0.05452741  -0.01283735  +0.97722208  -0.21183059  -0.05856691  +0.21074951  +0.97578406  -5.83959961 +14.38600540  -6.75799370 
      50    1.5012  +0.99805737  +0.03349004  +0.05253543  -0.02053702  +0.97295564  -0.23007715  -0.05881994  +0.22855127  +0.97175336  -6.27817631 +15.93035889  -7.43105602 
      51    1.4848  +0.99780458  +0.03700884  +0.05492188  -0.02420309  +0.97570264  -0.21775797  -0.06164639  +0.21595062  +0.97445631  -6.85586548 +15.45257950  -6.51978779 
      52    1.5743  +0.99810612  +0.03576318  +0.05005122  -0.02386967  +0.97504926  -0.22070169  -0.05669540  +0.21908902  +0.97405630  -6.74502134 +15.59033298  -7.06667566 
      53    1.6304  +0.99850243  +0.02348569  +0.04941006  -0.01113032  +0.97148460  -0.23684117  -0.05356349  +0.23593654  +0.97029114  -5.90384150 +15.93584919  -7.65551281 
      54    1.6427  +0.99871588  +0.01477192  +0.04846071  -0.00395101  +0.97634417  -0.21618624  -0.05050782  +0.21571717  +0.97514874  -5.11819792 +14.04565239  -7.32028294 
      55    1.6399  +0.99867618  +0.02020006  +0.04730597  -0.00923842  +0.97514749  -0.22136411  -0.05060186  +0.22063403  +0.97404313  -5.37555408 +14.50336170  -7.56695175 
      56    1.6221  +0.99826998  +0.02592213  +0.05277358  -0.01449125  +0.97835124  -0.20644349  -0.05698255  +0.20532160  +0.97703433  -6.04006577 +13.59057617  -6.69428635 
      57    1.7825  +0.99822849  +0.01861807  +0.05650858  -0.00560734  +0.97498977  -0.22217895  -0.05923183  +0.22146851  +0.97336698  -5.53593683 +14.14863968  -7.26133013 
      58    1.6670  +0.99782264  +0.03009668  +0.05868690  -0.01647308  +0.97533739  -0.22010376  -0.06386392  +0.21865776  +0.97370952  -6.47871685 +14.58942223  -7.01062346 
      59    1.5873  +0.99866617  +0.01651653  +0.04891977  -0.00496761  +0.97379643  -0.22736719  -0.05139321  +0.22682090  +0.97257960  -5.36267185 +14.48644638  -8.05804062 
      60    1.6017  +0.99870867  +0.03043173  +0.04068027  -0.02065543  +0.97479951  -0.22212435  -0.04641473  +0.22099726  +0.97416931  -5.37183428 +15.09703636  -8.11600208 
      61    1.6223  +0.99863034  +0.01676091  +0.04956300  -0.00452178  +0.97140265  -0.23739509  -0.05212459  +0.23684584  +0.97014797  -5.39878511 +14.92598629  -8.47584820 
      62    1.6492  +0.99856365  +0.00156284  +0.05355593  +0.01114649  +0.97164464  -0.23618308  -0.05240645  +0.23644079  +0.97023159  -4.71548319 +14.02038479  -8.52534580 
      63    1.5792  +0.99899942  +0.01002501  +0.04358510  +0.00199365  +0.96360189  -0.26733392  -0.04467871  +0.26715332  +0.96261775  -4.77728844 +16.71283722 -10.09239578 
      64    1.5238  +0.99828571  +0.01993641  +0.05502836  -0.00547804  +0.96789789  -0.25128412  -0.05827154  +0.25055191  +0.96634787  -6.00349665 +16.26744270  -8.61910152 
      65    1.6217  +0.99723536  +0.01658975  +0.07243183  +0.00275765  +0.96582532  -0.25917915  -0.07425621  +0.25866234  +0.96310943  -6.85653353 +16.20487404  -8.03424644 
      66    1.7294  +0.99712110  +0.01237023  +0.07480980  +0.00719570  +0.96671319  -0.25576124  -0.07548345  +0.25556323  +0.96384108  -6.73380375 +15.67959404  -8.05140686 
      67    1.7040  +0.99785918  +0.02595121  +0.06003030  -0.01090859  +0.97108763  -0.23847400  -0.06448337  +0.23730861  +0.96929175  -6.43061256 +15.57789612  -7.93466997 
      68    1.6914  +0.99713880  +0.02919068  +0.06972883  -0.01226748  +0.97269279  -0.23177192  -0.07459031  +0.23025337  +0.97026783  -7.21242762 +15.47194576  -7.19468784 
      69    1.7838  +0.99694890  +0.02442056  +0.07413884  -0.00765537  +0.97581142  -0.21847995  -0.07768092  +0.21724577  +0.97302103  -7.57968140 +14.64830017  -6.56101418 
      70    1.6295  +0.99672014  +0.03360496  +0.07361875  -0.01685683  +0.97596431  -0.21727750  -0.07915087  +0.21532387  +0.97332972  -8.27827740 +15.38518047  -6.37952852 
      71    1.7426  +0.99550945  +0.02922163  +0.09003903  -0.00767614  +0.97294861  -0.23089407  -0.09435045  +0.22916608  +0.96880382  -8.92536163 +15.64985561  -5.91828251 
      72    1.7436  +0.99578643  +0.03475972  +0.08485948  -0.01445873  +0.97331482  -0.22901787  -0.09055559  +0.22682594  +0.96971631  -9.17465210 +16.00796509  -6.00586987 
      73    1.7552  +0.99534822  +0.03244514  +0.09071534  -0.01120927  +0.97419298  -0.22543813  -0.09568862  +0.22337259  +0.97002494  -8.96823692 +15.67926693  -5.62803125 
      74    1.5883  +0.99516404  +0.02599803  +0.09472418  -0.00396482  +0.97418398  -0.22572084  -0.09814707  +0.22425370  +0.96957588  -8.60217190 +15.28650475  -5.38393736 
      75    1.5251  +0.99553132  +0.02750571  +0.09033749  -0.00555401  +0.97203809  -0.23475757  -0.09426865  +0.23320678  +0.96784711  -8.25712490 +15.86976433  -6.10504675 
      76    1.6704  +0.99507099  +0.04204511  +0.08981046  -0.01978311  +0.97162902  -0.23568134  -0.09717169  +0.23274294  +0.96767163  -9.15131474 +16.53180504  -5.79721069 
      77    1.7219  +0.99157363  +0.06255971  +0.11343710  -0.03552467  +0.97340947  -0.22630063  -0.12457804  +0.22036393  +0.96742964 -11.37653732 +16.94603157  -3.74480772 
      78    1.6514  +0.99326217  +0.05939885  +0.09950887  -0.03398728  +0.97020584  -0.23988648  -0.11079307  +0.23488812  +0.96568757 -10.25866985 +17.61842346  -5.06230211 
      79    1.6271  +0.99198329  +0.06763341  +0.10674674  -0.04313117  +0.97520387  -0.21706483  -0.11878067  +0.21072057  +0.97030306 -11.32037163 +16.74480820  -3.60272098 
      80    1.7509  +0.98995781  +0.07786517  +0.11798546  -0.04928223  +0.97236300  -0.22821358  -0.13249458  +0.22010723  +0.96643573 -12.62155437 +17.91459274  -3.09471822 
      81    1.7879  +0.99043763  +0.07273810  +0.11722818  -0.04630420  +0.97569460  -0.21418691  -0.12995845  +0.20671062  +0.96973270 -12.12510204 +16.66813278  -2.64017558 
      82    1.8654  +0.98997813  +0.07239398  +0.12125333  -0.04713801  +0.97876197  -0.19950691  -0.13312125  +0.19179185  +0.97236550 -12.01116467 +16.06685257  -1.63654125 
      83    1.8876  +0.99111664  +0.05973215  +0.11882690  -0.03253689  +0.97521824  -0.21883956  -0.12895392  +0.21302927  +0.96849853 -11.41791821 +16.39000130  -2.86551070 
      84    1.8941  +0.98970568  +0.05221924  +0.13325115  -0.02244494  +0.97617060  -0.21584055  -0.14134689  +0.21062781  +0.96729362 -11.84369564 +15.80290890  -1.70641291 
      85    1.8943  +0.99101347  +0.05612906  +0.12141593  -0.02994848  +0.97776288  -0.20756394  -0.13036636  +0.20206244  +0.97065717 -11.32498837 +15.55540371  -2.19347286 
      86    1.8714  +0.99058032  +0.06276146  +0.12170289  -0.03619819  +0.97718173  -0.20929767  -0.13206168  +0.20292073  +0.97024888 -11.77833366 +16.35796547  -1.95823562 
      87    1.7398  +0.98993546  +0.04766853  +0.13324985  -0.01864565  +0.97728842  -0.21109153  -0.14028597  +0.20648247  +0.96834129 -11.45442963 +15.37827778  -1.56048596 
      88    1.7153  +0.99326044  +0.03560441  +0.11029981  -0.01201065  +0.97814339  -0.20758441  -0.11527995  +0.20486061  +0.97197872  -9.75042343 +14.69785786  -3.13489103 
      89    1.6563  +0.99404967  +0.04255014  +0.10027324  -0.02176063  +0.97956479  -0.19994839  -0.10673196  +0.19657663  +0.97466195  -9.82425785 +14.43184471  -3.22166657 
      90    1.7135  +0.99251813  +0.05170455  +0.11060943  -0.03016521  +0.98166662  -0.18820381  -0.11831259  +0.18345913  +0.97588158 -10.94600773 +14.27409649  -1.84800398 
      91    1.8629  +0.98990506  +0.05265445  +0.13158846  -0.02786262  +0.98260927  -0.18358301  -0.13896650  +0.17806335  +0.97415698 -12.11330700 +14.01693249  -0.28037086 
      92    1.8660  +0.99241328  +0.06210043  +0.10611014  -0.04206855  +0.98248327  -0.18154010  -0.11552516  +0.17569892  +0.97764200 -11.28787518 +14.75734425  -1.51572442 
      93    1.8273  +0.99302930  +0.05351363  +0.10501966  -0.03114667  +0.97846055  -0.20407057  -0.11367815  +0.19937705  +0.97330678 -10.32820702 +15.60333347  -2.61559081 
      94    1.7024  +0.99228477  +0.05611179  +0.11055475  -0.03264331  +0.97850043  -0.20364524  -0.11960476  +0.19846521  +0.97278273 -10.73945904 +15.92609501  -2.07922101 
      95    1.6898  +0.99166113  +0.05277784  +0.11757020  -0.02630544  +0.97598416  -0.21624742  -0.12615973  +0.21135142  +0.96923387 -10.68289757 +16.37830353  -2.02675438 
      96    1.5643  +0.99522454  +0.05076714  +0.08337140  -0.03299283  +0.97879428  -0.20217134  -0.09186711  +0.19845523  +0.97579503  -8.53308678 +15.76742744  -3.67693138 
      97    1.5612  +0.99533570  +0.05384011  +0.08005021  -0.03602740  +0.97719216  -0.20927843  -0.08949201  +0.20541829  +0.97457403  -8.93005371 +16.40484428  -4.47109127 
      98    1.4318  +0.99499929  +0.05254503  +0.08494354  -0.03434640  +0.97857374  -0.20301172  -0.09379078  +0.19907902  +0.97548491  -8.99189949 +15.96206474  -3.90367675 
      99    1.5030  +0.99505115  +0.06704936  +0.07333174  -0.05080662  +0.97756535  -0.20441292  -0.08539233  +0.19967557  +0.97613412  -8.93773937 +17.09071350  -4.75768805 
     100    1.5566  +0.99472713  +0.06882516  +0.07603272  -0.04920483  +0.97075206  -0.23498803  -0.08998200  +0.23000780  +0.96901995  -9.14248657 +19.38378525  -5.46278334 
     101    1.5767  +0.99393666  +0.03888263  +0.10284986  -0.01654315  +0.97762156  -0.20971984  -0.10870270  +0.20674677  +0.97233713  -9.44299221 +15.89512920  -3.38582325 
     102    1.4233  +0.99357486  +0.04075547  +0.10558382  -0.01344147  +0.96880215  -0.24747059  -0.11237561  +0.24446136  +0.96312529  -9.61808681 +18.08849907  -4.59705257 
     103    1.4067  +0.99466038  +0.04734561  +0.09170130  -0.02314106  +0.96825129  -0.24890547  -0.10057448  +0.24545434  +0.96417683  -9.07553959 +18.80988312  -5.43682480 
     104    1.4353  +0.99345511  +0.04748258  +0.10388593  -0.02149088  +0.97095984  -0.23827530  -0.11218300  +0.23448323  +0.96562546  -9.83816051 +18.32769775  -4.10590029 
     105    1.4854  +0.99402416  +0.04793066  +0.09807447  -0.02401523  +0.97245479  -0.23185118  -0.10648576  +0.22811040  +0.96779460  -9.57261467 +18.23179436  -4.33344698 
     106    1.4495  +0.99550760  +0.02752136  +0.09059370  -0.00334577  +0.96645051  -0.25683120  -0.09462266  +0.25537428  +0.96220088  -8.01401424 +18.71285629  -6.47784328 
     107    1.4860  +0.99435484  +0.01998047  +0.10420761  +0.00752897  +0.96634835  -0.25712669  -0.10583837  +0.25645974  +0.96074277  -8.33428764 +17.89571190  -5.83302736 
     108    1.4445  +0.99202460  +0.01592755  +0.12503415  +0.01712259  +0.96575910  -0.25887492  -0.12487610  +0.25895119  +0.95778400  -8.82910252 +17.40374756  -4.63294792 
     109    1.5379  +0.99375176  +0.00820621  +0.11131080  +0.01961347  +0.96893495  -0.24653678  -0.10987606  +0.24717955  +0.96271986  -8.07882404 +16.34302521  -5.02951241 
     110    1.4887  +0.98933750  +0.03209174  +0.14206117  +0.00522668  +0.96696943  -0.25483871  -0.14554703  +0.25286400  +0.95649141 -11.11737347 +17.60090446  -2.86852980 
     111    1.4991  +0.99098867  +0.00928447  +0.13362348  +0.02774976  +0.96172082  -0.27262253  -0.13103963  +0.27387384  +0.95279682  -9.72978592 +17.95636559  -4.62144566 
     112    1.6038  +0.98944676  +0.02573749  +0.14259264  +0.01243152  +0.96539062  -0.26051176  -0.14436252  +0.25953513  +0.95488268 -11.05236530 +18.23974991  -3.27471471 
     113    1.5731  +0.98772913  +0.05450965  +0.14635509  -0.01498064  +0.96586019  -0.25863048  -0.15545641  +0.25326437  +0.95482481 -12.28438759 +19.81239510  -2.25228333 
     114    1.4863  +0.98621064  +0.05485900  +0.15613793  -0.01131691  +0.96360725  -0.26708227  -0.16510752  +0.26163238  +0.95094061 -12.48533440 +19.86599731  -2.29318905 
     115    1.5757  +0.98984712  +0.05611902  +0.13058861  -0.01825524  +0.96134144  -0.27475321  -0.14095913  +0.26957974  +0.95260555 -11.20859909 +20.72583008  -4.35306406 
     116    1.4726  +0.98680550  +0.04935599  +0.15420420  -0.00518987  +0.96155792  -0.27455315  -0.16182712  +0.27013025  +0.94912678 -12.03649998 +19.94609833  -3.28501821 
     117    1.4710  +0.98563361  +0.06658123  +0.15522006  -0.01827534  +0.95566642  -0.29388374  -0.16790575  +0.28682500  +0.94315380 -13.06985378 +22.08250618  -3.36980677 
     118    1.4514  +0.98531264  +0.05551537  +0.16148391  -0.00871962  +0.96080071  -0.27710286  -0.17053732  +0.27162486  +0.94717312 -12.96691895 +20.48047256  -2.56996775 
     119    1.4161  +0.98752522  +0.04712829  +0.15024279  -0.00094852  +0.95592177  -0.29361984  -0.15745816  +0.28981450  +0.94404155 -11.78685760 +21.12069511  -4.08649826 
     120    1.4639  +0.98392421  +0.05606548  +0.16955762  -0.00518537  +0.95801133  -0.28668341  -0.17851116  +0.28119552  +0.94290131 -13.48381901 +20.85355186  -2.47282624 
     121    1.5331  +0.98480701  +0.04937335  +0.16648547  +0.00005982  +0.95863205  -0.28464818  -0.17365235  +0.28033346  +0.94406462 -13.08353329 +20.38638115  -2.87701583 
     122    1.5472  +0.98884547  +0.02604765  +0.14664982  +0.01618473  +0.95996857  -0.27963978  -0.14806318  +0.27889401  +0.94883901 -10.97637463 +19.37237167  -4.48342419 
     123    1.6635  +0.98665458  +0.02646682  +0.16066180  +0.02250634  +0.95506239  -0.29554909  -0.16126430  +0.29522079  +0.94172102 -11.39652061 +20.10927391  -4.39721823 
     124    1.5282  +0.98529047  +0.03796849  +0.16661668  +0.01608128  +0.95007730  -0.31159985  -0.17012970  +0.30969578  +0.93549156 -12.51316261 +21.71335220  -4.39648962 
     125    1.6219  +0.98513663  +0.00345343  +0.17173789  +0.04753983  +0.95526332  -0.29191089  -0.16506301  +0.29573649  +0.94090068 -10.95636082 +18.39904976  -3.96621776 
     126    1.6057  +0.98169214  +0.03767878  +0.18671067  +0.02522251  +0.94589216  -0.32349944  -0.18879722  +0.32228616  +0.92762452 -13.43262959 +21.68314171  -3.13485003 
     127    1.5420  +0.98072845  +0.02289032  +0.19403024  +0.04069827  +0.94739234  -0.31747663  -0.19108990  +0.31925505  +0.92820305 -12.46800613 +20.44996071  -3.10788703 
     128    1.4592  +0.98094594  +0.05866020  +0.18521333  +0.00192574  +0.95034581  -0.31118992  -0.19427118  +0.30561718  +0.93212491 -14.19369602 +21.90850639  -2.10575628 
     129    1.4679  +0.97778165  +0.03618891  +0.20647860  +0.03187064  +0.94787169  -0.31705451  -0.20718907  +0.31659070  +0.92565817 -14.25140095 +20.70409012  -1.73468232 
     130    1.4333  +0.97740042  +0.01733850  +0.21068400  +0.04847916  +0.95168549  -0.30322355  -0.20576234  +0.30658460  +0.92933726 -13.30599594 +18.41120148  -1.64283621 
     131    1.5231  +0.98304611  +0.03847440  +0.17927647  +0.02029171  +0.94890416  -0.31491140  -0.18223220  +0.31321025  +0.93203580 -13.16659832 +20.76731110  -3.37744212 
     132    1.5883  +0.98570371  +0.04812245  +0.16146943  +0.00792728  +0.94403756  -0.32974264  -0.16830124  +0.32630858  +0.93015987 -12.78136730 +22.33984947  -5.04584169 
     133    1.6134  +0.98487216  +0.07231876  +0.15747006  -0.01659008  +0.94392550  -0.32974151  -0.17248651  +0.32214078  +0.93084568 -13.52960491 +23.92336655  -4.55842113 
     134    1.6841  +0.98937023  +0.06046050  +0.13225375  -0.01571974  +0.94860762  -0.31606397  -0.14456631  +0.31062531  +0.93947458 -11.93464375 +23.06888962  -6.34607601 
     135    1.6155  +0.98634851  +0.08575674  +0.14057894  -0.03466385  +0.94269359  -0.33185413  -0.16098160  +0.32245082  +0.93279707 -13.68794632 +25.44534492  -5.92673111 
     136    1.6110  +0.98967600  +0.05636067  +0.13177572  -0.01377903  +0.95259154  -0.30394003  -0.14265871  +0.29898641  +0.94353360 -11.98487282 +22.35133934  -6.25627327 
     137    1.5010  +0.98591650  +0.03152448  +0.16424035  +0.02185939  +0.94935638  -0.31344000  -0.16580366  +0.31261584  +0.93529701 -12.42792130 +20.80843163  -5.18655205 
     138    1.6339  +0.99013311  +0.05251245  +0.12991866  -0.00743588  +0.94551241  -0.32550105  -0.13993257  +0.32132331  +0.93657362 -12.22545242 +23.41061592  -7.07778358 
     139    1.5969  +0.98908406  +0.05367986  +0.13722678  -0.00313478  +0.93873793  -0.34461755  -0.14731900  +0.34042555  +0.92865902 -12.64840794 +24.72746468  -7.57876348 
     140    1.5301  +0.98756748  +0.05481100  +0.14733016  +0.00359253  +0.92912722  -0.36974275  -0.15715443  +0.36567521  +0.91737896 -13.43806744 +25.94301414  -7.68118620 
     141    1.4769  +0.98407155  +0.02422503  +0.17611459  +0.04354712  +0.92764056  -0.37092668  -0.17235675  +0.37268770  +0.91180974 -13.01636410 +24.20972252  -6.56723976 
     142    1.4681  +0.98842132  +0.03240421  +0.14823391  +0.02047467  +0.93951184  -0.34190387  -0.15034664  +0.34098011  +0.92797005 -12.03848267 +23.26181984  -6.95191336 
     143    1.4477  +0.98296732  +0.05121036  +0.17650156  +0.01498296  +0.93486559  -0.35468560  -0.18316881  +0.35128886  +0.91817498 -14.62110329 +24.68895912  -5.06236839 
     144    1.4534  +0.98495007  +0.04635131  +0.16650815  +0.02140815  +0.92323476  -0.38363948  -0.17150830  +0.38143036  +0.90834785 -13.98046112 +26.42612648  -6.78631401 
     145    1.4650  +0.98054582  +0.07919744  +0.17960405  -0.00051750  +0.91603220  -0.40110436  -0.19628954  +0.39320827  +0.89825255 -16.23907089 +29.09078789  -5.29034090 
     146    1.2884  +0.98247033  +0.06720277  +0.17388439  +0.01120041  +0.90979719  -0.41490191  -0.18608208  +0.40957642  +0.89309609 -15.22637367 +29.54413605  -6.29589939 
     147    1.4561  +0.98544121  +0.06622212  +0.15658945  +0.00630868  +0.90614790  -0.42291394  -0.16989946  +0.41774470  +0.89253771 -14.58394527 +30.38117790  -7.36708164 
     148    1.3675  +0.98587239  +0.07720546  +0.14864357  -0.00808104  +0.90832508  -0.41818687  -0.16730300  +0.41107771  +0.89611655 -14.76957607 +30.93602180  -7.33820009 
     149    1.4081  +0.98135144  +0.07063311  +0.17877436  +0.01032725  +0.90932405  -0.41596043  -0.19194441  +0.41004962  +0.89163709 -15.74054432 +29.79370689  -5.65338326 
     150    1.5087  +0.98373550  +0.04506013  +0.17387934  +0.03096635  +0.91098613  -0.41127282  -0.17693369  +0.40996808  +0.89477408 -14.42048359 +28.37984276  -6.71972227 
     151    1.4641  +0.98053956  +0.07830919  +0.18002731  +0.00999069  +0.89591014  -0.44412297  -0.19606720  +0.43727875  +0.87769294 -16.66657448 +32.35154343  -6.24681520 
     152    1.3926  +0.98480499  +0.05319205  +0.16531715  +0.02666639  +0.89433068  -0.44661117  -0.17160435  +0.44423330  +0.87932289 -14.54544640 +32.14352036  -8.39248657 
     153    1.4029  +0.98836970  +0.05298441  +0.14254127  +0.01620505  +0.89530414  -0.44516048  -0.15120436  +0.44229302  +0.88403291 -13.10844803 +32.84555054  -9.67428589 
     154    1.5243  +0.97982490  +0.08798278  +0.17944965  +0.00718401  +0.88180131  -0.47156632  -0.19972865  +0.46334159  +0.86337882 -16.32321358 +35.57929230  -6.98798513 
     155    1.6840  +0.98128659  +0.07160890  +0.17874227  +0.01479071  +0.89750153  -0.44076326  -0.19198404  +0.43515879  +0.87964708 -15.57172108 +32.37357712  -7.06863356 
     156    1.7282  +0.98598742  +0.07880973  +0.14702991  -0.00834661  +0.90357298  -0.42835289  -0.16661061  +0.42112339  +0.89156938 -14.63056946 +32.81370926  -8.25332165 
     157    1.7470  +0.98739415  +0.07934510  +0.13695653  -0.01097997  +0.89752907  -0.44081855  -0.15789926  +0.43375790  +0.88708621 -14.14200115 +34.26259613  -9.18548203 
     158    1.7365  +0.98670274  +0.07553706  +0.14391625  +0.00093231  +0.88280100  -0.46974620  -0.16253266  +0.46363401  +0.87099177 -14.32930183 +36.00432587  -9.56889725 
     159    1.7415  +0.98241723  +0.11021747  +0.15069331  -0.03098293  +0.89220250  -0.45057160  -0.18410981  +0.43798038  +0.87992996 -16.12986374 +36.24237823  -7.39823341 
     160    1.7633  +0.98195291  +0.10639258  +0.15636203  -0.02782460  +0.89903671  -0.43698835  -0.18706751  +0.42475128  +0.88577205 -16.30064583 +34.94042587  -6.86973715 
     161    1.8981  +0.98068458  +0.11518730  +0.15808107  -0.03771708  +0.90440011  -0.42501518  -0.19192488  +0.41084346  +0.89127576 -17.01871490 +34.51118088  -6.15480423 
     162    1.8359  +0.97707981  +0.09897432  +0.18846533  -0.01620951  +0.91736174  -0.39772445  -0.21225539  +0.38555357  +0.89793992 -17.62533760 +31.38234329  -4.10510874 
     163    1.7030  +0.97897327  +0.05151638  +0.19737619  +0.02386257  +0.93202025  -0.36161974  -0.20258795  +0.35872597  +0.91119361 -15.63408947 +26.22170067  -3.98126411 
     164    1.6779  +0.97811753  +0.08671390  +0.18912129  -0.01227464  +0.93147218  -0.36360547  -0.20769086  +0.35332745  +0.91215360 -17.29093933 +28.62183380  -3.55912375 
     165    1.6677  +0.98083287  +0.06335839  +0.18426219  +0.01496228  +0.91837543  -0.39542723  -0.19427550  +0.39060500  +0.89982486 -15.75997829 +29.72070122  -5.57368422 
     166    1.6571  +0.97286355  +0.08630029  +0.21468306  +0.00823399  +0.91433823  -0.40486759  -0.23123312  +0.39564860  +0.88881576 -18.21699905 +30.94708443  -3.12210846 
     167    1.6240  +0.97643298  +0.05664321  +0.20825519  +0.02651387  +0.92615193  -0.37621745  -0.21418612  +0.37287277  +0.90282345 -16.14579582 +27.31007576  -3.84833908 
     168    1.5562  +0.97898734  +0.05006524  +0.19767962  +0.03480993  +0.91413587  -0.40391070  -0.20092793  +0.40230468  +0.89318472 -15.33191586 +29.08463287  -5.73617840 
     169    1.6486  +0.97730780  +0.02948144  +0.20976253  +0.05847623  +0.91423595  -0.40094036  -0.20359273  +0.40410826  +0.89176595 -14.90325737 +27.28257561  -5.85124683 
     170    1.5796  +0.97981310  +0.04289136  +0.19526029  +0.03318952  +0.92825991  -0.37044838  -0.19714133  +0.36945078  +0.90809768 -14.97375011 +26.16502190  -5.01556110 
     171    1.5983  +0.97756058  +0.03622736  +0.20751597  +0.04344540  +0.92925066  -0.36688647  -0.20612568  +0.36766937  +0.90682495 -15.02466106 +25.66833496  -4.36803532 
     172    1.5343  +0.97053695  +0.04843587  +0.23603384  +0.04583760  +0.92458469  -0.37820908  -0.23655215  +0.37788513  +0.89512342 -16.92822075 +26.50825500  -2.66561246 
     173    1.5216  +0.96961784  +0.05989887  +0.23717789  +0.02863828  +0.93509638  -0.35323447  -0.24294254  +0.34929481  +0.90497077 -18.04500580 +25.32966995  -1.51361346 
     174    1.5544  +0.97567010  +0.10768431  +0.19097617  -0.03288474  +0.93309170  -0.35813200  -0.21676348  +0.34313849  +0.91393083 -18.60379982 +28.94829559  -3.12510300 
     175    1.5346  +0.97759372  +0.08159865  +0.19404157  -0.00410680  +0.92902827  -0.36998603  -0.21046045  +0.36089912  +0.90854728 -17.65641785 +28.19981194  -4.15177155 
     176    1.5838  +0.97999752  +0.05195947  +0.19210686  +0.02850923  +0.91870338  -0.39391789  -0.19695698  +0.39151537  +0.89884573 -16.32292175 +28.12221527  -6.02629185 
     177    1.5621  +0.97726917  +0.09313381  +0.19044970  -0.00576110  +0.90967256  -0.41528621  -0.21192406  +0.40474918  +0.88953149 -18.08701324 +31.80614090  -5.21558666 
     178    1.7617  +0.97500068  +0.09727740  +0.19977675  -0.00432331  +0.90721273  -0.42064989  -0.22215974  +0.40927023  +0.88495362 -18.76616478 +32.35570908  -4.66701984 
     179    1.6813  +0.97854686  +0.08041391  +0.18968311  +0.00640544  +0.90836263  -0.41813430  -0.20592487  +0.41037899  +0.88836032 -17.35675812 +31.52508736  -5.76394701 
     180    1.6779  +0.97712433  +0.09700629  +0.18925594  -0.01412113  +0.91753978  -0.39739323  -0.21219949  +0.38563010  +0.89792025 -18.30649567 +31.03167725  -4.75604820 
     181    1.6738  +0.98074508  +0.06622815  +0.18371964  +0.01746342  +0.90723205  -0.42026788  -0.19450991  +0.41538402  +0.88860679 -16.69989014 +30.85915375  -6.81260443 
     182    1.5719  +0.97678274  +0.09378608  +0.19261265  -0.00544576  +0.90966266  -0.41531217  -0.21416304  +0.40462083  +0.88905352 -18.85903168 +31.79401779  -5.19299698 
     183    1.5500  +0.97682065  +0.07525147  +0.20039618  +0.01124337  +0.91684204  -0.39909181  -0.21376389  +0.39209425  +0.89474416 -18.37121391 +29.84280396  -4.79669571 
     184    1.6202  +0.98978508  +0.09272806  +0.10829110  -0.04016954  +0.91019249  -0.41223305  -0.13679132  +0.40367213  +0.90461981 -15.10622215 +33.80056763 -10.53199387 
     185    1.5498  +0.98785925  +0.10635305  +0.11323925  -0.05292614  +0.91571724  -0.39832246  -0.14605793  +0.38749322  +0.91022861 -15.77027607 +33.21463013  -9.64779091 
     186    1.6188  +0.98201233  +0.15602954  +0.10633223  -0.10054782  +0.90879297  -0.40495113  -0.15981832  +0.38697553  +0.90813440 -18.07207298 +36.50312042  -8.76833916 
     187    1.5999  +0.98765486  +0.10020127  +0.12040596  -0.04584828  +0.91990227  -0.38945833  -0.14978592  +0.37913001  +0.91314000 -15.71416378 +31.89142609  -9.23245907 
     188    1.6656  +0.98570412  +0.07399453  +0.15136777  -0.01206833  +0.92710185  -0.37461513  -0.16805282  +0.36743292  +0.91474110 -16.00043869 +28.73814964  -7.48393250 
     189    1.6767  +0.98096472  +0.13388897  +0.14064851  -0.06947397  +0.91833830  -0.38965127  -0.18133293  +0.37246272  +0.91015929 -18.23621368 +33.44921112  -7.05269194 
     190    1.6263  +0.97329515  +0.14446683  +0.17839809  -0.07005690  +0.92699647  -0.36846924  -0.21860598  +0.34613129  +0.91236210 -20.37018776 +31.60185623  -3.62286687 
     191    1.6546  +0.97559059  +0.15958251  +0.15085223  -0.08720546  +0.91200227  -0.40080807  -0.20153953  +0.37786943  +0.90365732 -19.76047516 +35.49015045  -5.77136946 
     192    1.5625  +0.96533352  +0.18310219  +0.18602376  -0.10162913  +0.92010111  -0.37826636  -0.24042207  +0.34624776  +0.90681297 -22.68653107 +34.57665634  -2.08461070 
     193    1.6372  +0.97379088  +0.15064816  +0.17040090  -0.07081387  +0.91277218  -0.40228394  -0.21614054  +0.37967369  +0.89951718 -20.64789963 +34.25694275  -5.04411316 
     194    1.5978  +0.97632492  +0.15607905  +0.14976294  -0.08406975  +0.91172278  -0.40211177  -0.19930351  +0.38000122  +0.90325922 -19.71089554 +34.94599915  -6.18460846 
     195    1.5509  +0.98099357  +0.14310271  +0.13104650  -0.08549365  +0.92503250  -0.37014285  -0.17419071  +0.35190412  +0.91968530 -18.09723663 +32.45168686  -6.77223539 
     196    1.4685  +0.98135799  +0.14804494  +0.12255298  -0.10032736  +0.93851238  -0.33034661  -0.16392364  +0.31189287  +0.93586957 -17.64381409 +30.12837029  -5.88540316 
     197    1.4714  +0.99027997  +0.12286618  +0.06518757  -0.09525866  +0.94062608  -0.32580423  -0.10134745  +0.31642774  +0.94318724 -13.29238033 +29.25214386  -9.92424488 
     198    1.5447  +0.97768348  +0.14682150  +0.15026112  -0.07916368  +0.91999501  -0.38385195  -0.19459720  +0.36339051  +0.91108686 -18.82252312 +32.99295044  -5.51478720 
     199    1.5703  +0.97377127  +0.17456110  +0.14593811  -0.11463061  +0.93043935  -0.34805524  -0.19654347  +0.32219723  +0.92604512 -20.04116058 +32.26479721  -3.80099440 
     200    1.4950  +0.96494657  +0.21883158  +0.14488238  -0.16091096  +0.92941767  -0.33210009  -0.20733023  +0.29714566  +0.93205076 -21.54094696 +34.03647995  -1.99551427 
     201    1.5652  +0.96990734  +0.18393910  +0.15951836  -0.12444264  +0.93764615  -0.32455164  -0.20926951  +0.29493412  +0.93231976 -20.62056923 +31.36424446  -1.80444586 
     202    1.5655  +0.95184368  +0.22352467  +0.20983417  -0.13070415  +0.91496915  -0.38176936  -0.27732667  +0.33595854  +0.90012318 -24.73786545 +36.05109024  +1.62300360 
     203    1.4018  +0.96639138  +0.19151129  +0.17149669  -0.12040823  +0.92660451  -0.35623866  -0.22713332  +0.32361636  +0.91852212 -21.78024864 +33.36355209  -1.19480526 
     204    1.4428  +0.97754174  +0.12662828  +0.16845584  -0.05753851  +0.92934686  -0.36469680  -0.20273483  +0.34681368  +0.91576135 -18.58097649 +30.24603271  -3.86757469 
     205    1.4801  +0.97688800  +0.15020463  +0.15208024  -0.09143659  +0.93674749  -0.33785129  -0.19320761  +0.31613716  +0.92883158 -18.72414398 +30.54818153  -3.49744749 
     206    1.6392  +0.98580945  +0.11918974  +0.11820977  -0.05281354  +0.88863510  -0.45556387  -0.15934388  +0.44285610  +0.88231969 -15.30425453 +37.69974899 -10.06906796 
     207    1.8283  +0.97379106  +0.09623025  +0.20608412  -0.00686198  +0.91810364  -0.39628094  -0.22734080  +0.38448068  +0.89470148 -18.56404686 +29.94017601  -3.36931157 
     208    1.7704  +0.98315614  +0.13364507  +0.12467164  -0.07473507  +0.91646570  -0.39307165  -0.16678937  +0.37713346  +0.91101682 -16.04408646 +33.87710190  -7.34828043 
     209    1.8401  +0.98975921  +0.09055278  +0.11034900  -0.03871463  +0.91434872  -0.40307263  -0.13739683  +0.39467272  +0.90849084 -13.28388977 +32.53435898  -9.97333622 
     210    1.7331  +0.98958451  +0.08262095  +0.11788256  -0.03221281  +0.92522424  -0.37805083  -0.14030272  +0.37031591  +0.91824901 -13.16889668 +30.21413422  -8.92315102 
     211    1.6948  +0.98769093  +0.12029003  +0.09998492  -0.07275981  +0.91916883  -0.38708478  -0.13846546  +0.37504521  +0.91660702 -13.96949577 +33.01583862  -9.39647675 
     212    1.6553  +0.98565984  +0.05473147  +0.15962176  +0.00724047  +0.93135005  -0.36405313  -0.16858889  +0.35998830  +0.91759807 -13.90828609 +26.51485825  -7.03226709 
     213    1.7200  +0.97897851  +0.10118894  +0.17709267  -0.03199143  +0.93369001  -0.35665044  -0.20143874  +0.34348768  +0.91729963 -17.21030998 +28.47309303  -4.35854340 
     214    1.7226  +0.98244131  +0.15198880  +0.10820551  -0.10622814  +0.93246692  -0.34528390  -0.15337735  +0.32772669  +0.93223953 -16.17443848 +32.14791489  -7.04315233 
     215    1.9250  +0.96904665  +0.20941268  +0.13074733  -0.16538469  +0.94385761  -0.28597337  -0.18329331  +0.25549793  +0.94927573 -19.82106400 +31.39798164  -2.07624197 
     216    1.7727  +0.96888548  +0.20633830  +0.13669474  -0.15709044  +0.93943369  -0.30460945  -0.19126825  +0.27365822  +0.94261742 -19.64337540 +32.22090912  -2.54667354 
     217    1.8020  +0.96483636  +0.21740815  +0.14773132  -0.16525517  +0.93878645  -0.30227599  -0.20440541  +0.26723349  +0.94170308 -20.30213928 +32.57144928  -1.33859098 
     218    1.7912  +0.96897930  +0.20433170  +0.13902394  -0.15505154  +0.94066072  -0.30185497  -0.19245291  +0.27093533  +0.94316274 -19.28776360 +31.75503159  -2.62703085 
     219    1.7380  +0.97809833  +0.15792839  +0.13558112  -0.11993119  +0.95999593  -0.25303021  -0.17011799  +0.23122802  +0.95791101 -17.17787170 +26.05421066  -2.44954205 
     220    1.8464  +0.96836299  +0.19821766  +0.15160093  -0.15379080  +0.95246238  -0.26299015  -0.19652347  +0.23135510  +0.95281339 -19.86246872 +28.98573112  -0.58753550 
     221    1.7508  +0.97737843  +0.12459239  +0.17090397  -0.07944151  +0.96516103  -0.24930552  -0.19601141  +0.23008896  +0.95322537 -17.35336685 +23.48192787  -0.53577417 
     222    1.7581  +0.98559844  +0.12935337  +0.10891940  -0.09361275  +0.95376408  -0.28560594  -0.14082751  +0.27129650  +0.95213747 -14.27061081 +26.92356682  -5.89541054 
     223    1.7136  +0.97556996  +0.15438786  +0.15629357  -0.10911568  +0.95799315  -0.26522231  -0.19067527  +0.24168882  +0.95143545 -17.98643875 +26.44165611  -1.53183794 
     224    1.5913  +0.98343349  +0.14766033  +0.10514294  -0.10592701  +0.93882561  -0.32769802  -0.14709888  +0.31113172  +0.93891370 -15.37340736 +31.05817604  -7.11127090 
     225    1.6961  +0.97597319  +0.15123425  +0.15685833  -0.09877528  +0.94876015  -0.30016267  -0.19421580  +0.27745700  +0.94090265 -18.37714767 +28.63249779  -2.98355198 
     226    1.7385  +0.99175626  +0.11508361  +0.05634942  -0.09043669  +0.94018036  -0.32845408  -0.09077830  +0.32065034  +0.94283754 -11.89187622 +30.22198677 -11.21155834 
     227    1.7638  +0.98900372  +0.14002495  +0.04758808  -0.11666925  +0.93646318  -0.33079454  -0.09088397  +0.32160500  +0.94250214 -12.58570671 +31.81649208 -10.99980068 
